#IRC            bondlength_1    EnergyTotal     Int             Elstat          Pauli           OI              Disp            StrainTotal     frag1Strain     frag2Strain     bondlength_2    bondlength_3    orbitalenergy_1 orbitalenergy_2 orbitalenergy_3 orbitalenergy_4 orbitalenergy_5 orbitalenergy_6 orbitalenergy_7 orbitalenergy_8 overlap_1       overlap_2       overlap_3       overlap_4       overlap_5       overlap_6       overlap_7       population_1    population_2    population_3    population_4    population_5    population_6    population_7    population_8    
1               0.00000         0.40939         0.86642         -1.24629        2.93149         -0.81877        0.00000         -0.45703        -0.41175        -0.04528        3.29119         -0.00000        -0.27414        -0.01447        -0.17568        -0.01447        -0.26668        -0.00154        -0.26668        -0.00154        0.02787         0.02856         0.07936         0.01971         0.00729         0.02451         0.00557         1.99917         0.00520         1.99790         0.00520         1.99602         -0.00030        1.99926         -0.00030        
2               -0.00030        0.46751         0.90123         -1.30499        3.05857         -0.85234        0.00000         -0.43373        -0.38836        -0.04537        3.27306         -0.00005        -0.27416        -0.01446        -0.17553        -0.01446        -0.26669        -0.00152        -0.26668        -0.00152        0.02829         0.02893         0.07813         0.02515         0.00625         0.02182         0.00608         1.99913         0.00537         1.99781         0.00537         1.99577         -0.00031        1.99931         -0.00031        
3               -0.00006        0.52960         0.93866         -1.36795        3.19486         -0.88825        0.00000         -0.40906        -0.36382        -0.04524        3.25384         0.00001         -0.27420        -0.01448        -0.17542        -0.01448        -0.26668        -0.00155        -0.26668        -0.00155        0.02861         0.02909         0.07931         0.02153         0.00742         0.02511         0.00583         1.99908         0.00546         1.99772         0.00546         1.99571         -0.00033        1.99918         -0.00033        
4               -0.00045        0.59536         0.97870         -1.43451        3.33873         -0.92552        0.00000         -0.38334        -0.33801        -0.04533        3.23520         -0.00002        -0.27423        -0.01447        -0.17526        -0.01447        -0.26668        -0.00159        -0.26668        -0.00159        0.02900         0.02954         0.07801         0.02568         0.00670         0.02320         0.00629         1.99904         0.00565         1.99762         0.00565         1.99547         -0.00035        1.99920         -0.00035        
5               -0.00032        0.66432         1.02089         -1.50649        3.49369         -0.96631        0.00000         -0.35656        -0.31136        -0.04521        3.21485         0.00000         -0.27427        -0.01448        -0.17510        -0.01448        -0.26668        -0.00164        -0.26668        -0.00164        0.02548         0.02589         0.07900         0.02278         0.00779         0.02630         0.00614         1.99899         0.00432         1.99751         0.00432         1.99537         -0.00036        1.99906         -0.00036        
6               -0.00047        0.73659         1.06541         -1.58103        3.65482         -1.00837        0.00000         -0.32883        -0.28357        -0.04525        3.19521         0.00002         -0.27432        -0.01449        -0.17492        -0.01449        -0.26668        -0.00167        -0.26668        -0.00167        0.02767         0.02808         0.07813         0.02664         0.00723         0.02467         0.00662         1.99894         0.00513         1.99740         0.00513         1.99513         -0.00037        1.99908         -0.00037        
7               -0.00052        0.81321         1.11307         -1.66080        3.82750         -1.05363        0.00000         -0.29987        -0.25449        -0.04537        3.17422         0.00002         -0.27437        -0.01450        -0.17468        -0.01450        -0.26668        -0.00170        -0.26668        -0.00170        0.02415         0.02455         0.07702         0.03054         0.00666         0.02282         0.00723         1.99889         0.00390         1.99727         0.00390         1.99488         -0.00038        1.99909         -0.00038        
8               -0.00059        0.89438         1.16349         -1.74652        4.01159         -1.10158        0.00000         -0.26911        -0.22390        -0.04520        3.15300         0.00003         -0.27443        -0.01449        -0.17447        -0.01449        -0.26668        -0.00174        -0.26668        -0.00174        0.01512         0.01550         0.08158         0.01608         0.01085         0.03447         0.00599         1.99884         0.00149         1.99713         0.00149         1.99512         -0.00040        1.99858         -0.00040        
9               -0.00072        0.98058         1.21751         -1.83754        4.20724         -1.15219        0.00000         -0.23692        -0.19168        -0.04524        3.13101         0.00005         -0.27450        -0.01450        -0.17420        -0.01450        -0.26668        -0.00179        -0.26668        -0.00179        0.02698         0.02752         0.08011         0.02292         0.00954         0.03051         0.00706         1.99879         0.00498         1.99697         0.00498         1.99470         -0.00043        1.99873         -0.00043        
10              -0.00081        1.07113         1.27245         -1.93170        4.40989         -1.20574        0.00000         -0.20132        -0.15614        -0.04518        3.10852         0.00006         -0.27458        -0.01450        -0.17389        -0.01450        -0.26668        -0.00183        -0.26667        -0.00183        0.00450         0.00479         0.08145         0.01786         0.01159         0.03548         0.00688         1.99873         0.00012         1.99680         0.00012         1.99472         -0.00044        1.99844         -0.00044        
11              -0.00095        1.16640         1.33046         -2.03081        4.62219         -1.26092        0.00000         -0.16406        -0.11895        -0.04511        3.08554         0.00007         -0.27465        -0.01451        -0.17356        -0.01451        -0.26667        -0.00189        -0.26667        -0.00189        0.02823         0.02913         0.07721         0.03193         0.00804         0.02528         0.00915         1.99868         0.00563         1.99662         0.00563         1.99405         -0.00046        1.99882         -0.00046        
12              -0.00106        1.26681         1.38953         -2.13384        4.84260         -1.31922        0.00000         -0.12273        -0.07755        -0.04517        3.06265         0.00008         -0.27475        -0.01451        -0.17316        -0.01451        -0.26667        -0.00193        -0.26667        -0.00193        0.00564         0.00603         0.08222         0.01644         0.01336         0.03854         0.00783         1.99863         0.00020         1.99641         0.00020         1.99442         -0.00047        1.99816         -0.00047        
13              -0.00122        1.37398         1.45198         -2.24172        5.07396         -1.38025        0.00000         -0.07801        -0.03295        -0.04506        3.03867         0.00011         -0.27484        -0.01451        -0.17275        -0.01451        -0.26667        -0.00200        -0.26667        -0.00200        0.00976         0.01039         0.08193         0.01854         0.01351         0.03795         0.00874         1.99858         0.00065         1.99619         0.00065         1.99413         -0.00049        1.99814         -0.00049        
14              -0.00137        1.48987         1.51580         -2.35521        5.31571         -1.44470        0.00000         -0.02594        0.01913         -0.04507        3.01405         0.00011         -0.27498        -0.01451        -0.17228        -0.01451        -0.26667        -0.00205        -0.26667        -0.00205        0.01162         0.01254         0.08138         0.02210         0.01334         0.03598         0.01040         1.99854         0.00097         1.99593         0.00097         1.99377         -0.00052        1.99819         -0.00052        
15              -0.00156        1.61398         1.58301         -2.47405        5.56925         -1.51219        0.00000         0.03097         0.07608         -0.04511        2.98912         0.00014         -0.27509        -0.01452        -0.17175        -0.01452        -0.26667        -0.00209        -0.26666        -0.00209        0.03222         0.03528         0.08017         0.02698         0.01255         0.03283         0.01225         1.99850         0.00841         1.99566         0.00841         1.99333         -0.00054        1.99828         -0.00054        
16              -0.00175        1.74776         1.65383         -2.60050        5.83860         -1.58428        0.00000         0.09394         0.13899         -0.04505        2.96356         0.00014         -0.27523        -0.01452        -0.17123        -0.01452        -0.26666        -0.00216        -0.26666        -0.00216        0.02354         0.02635         0.08047         0.02617         0.01367         0.03387         0.01352         1.99847         0.00460         1.99536         0.00460         1.99313         -0.00057        1.99815         -0.00057        
17              -0.00196        1.89093         1.72713         -2.73157        6.11816         -1.65947        0.00000         0.16380         0.20889         -0.04508        2.93789         0.00020         -0.27536        -0.01454        -0.17064        -0.01454        -0.26666        -0.00221        -0.26666        -0.00221        0.04057         0.04666         0.08042         0.02704         0.01432         0.03375         0.01510         1.99844         0.01530         1.99504         0.01530         1.99284         -0.00059        1.99807         -0.00059        
18              -0.00219        2.04361         1.80370         -2.86910        6.41133         -1.73853        0.00000         0.23991         0.28501         -0.04509        2.91214         0.00018         -0.27551        -0.01453        -0.17005        -0.01453        -0.26666        -0.00228        -0.26666        -0.00228        0.04183         0.04967         0.07960         0.03004         0.01412         0.03161         0.01735         1.99843         0.01714         1.99469         0.01714         1.99246         -0.00062        1.99809         -0.00062        
19              -0.00244        2.20524         1.88406         -3.01276        6.71752         -1.82070        0.00000         0.32119         0.36620         -0.04501        2.88669         0.00026         -0.27564        -0.01456        -0.16943        -0.01456        -0.26666        -0.00236        -0.26665        -0.00236        0.02990         0.03666         0.07914         0.03136         0.01437         0.03056         0.01943         1.99842         0.00912         1.99431         0.00912         1.99213         -0.00065        1.99804         -0.00065        
20              -0.00273        2.37590         1.96846         -3.16320        7.03955         -1.90789        0.00000         0.40744         0.45252         -0.04507        2.86122         0.00025         -0.27579        -0.01456        -0.16881        -0.01456        -0.26666        -0.00243        -0.26665        -0.00243        0.00009         0.00039         0.08380         0.01626         0.02202         0.04263         0.01769         1.99844         0.00002         1.99393         0.00002         1.99262         -0.00068        1.99715         -0.00068        
21              -0.00307        2.55555         2.05836         -3.32152        7.37876         -1.99888        0.00000         0.49719         0.54208         -0.04489        2.83621         0.00029         -0.27592        -0.01457        -0.16818        -0.01457        -0.26665        -0.00250        -0.26665        -0.00250        0.00313         0.00455         0.08282         0.02112         0.02124         0.03903         0.02070         1.99846         0.00021         1.99351         0.00021         1.99206         -0.00071        1.99731         -0.00071        
22              -0.00334        2.74372         2.15424         -3.48971        7.73968         -2.09573        0.00000         0.58948         0.63440         -0.04491        2.81139         0.00034         -0.27606        -0.01458        -0.16758        -0.01458        -0.26665        -0.00259        -0.26665        -0.00259        0.02173         0.03089         0.08131         0.02718         0.01981         0.03449         0.02408         1.99849         0.00695         1.99307         0.00695         1.99145         -0.00073        1.99748         -0.00073        
23              -0.00384        2.93970         2.25638         -3.66720        8.12034         -2.19676        0.00000         0.68332         0.72797         -0.04466        2.78681         0.00036         -0.27619        -0.01459        -0.16697        -0.01459        -0.26665        -0.00268        -0.26664        -0.00268        0.01444         0.02190         0.08133         0.02763         0.02075         0.03401         0.02611         1.99853         0.00358         1.99262         0.00358         1.99112         -0.00078        1.99738         -0.00078        
24              -0.00410        3.14306         2.36731         -3.85618        8.52901         -2.30552        0.00000         0.77575         0.82048         -0.04473        2.76229         0.00040         -0.27631        -0.01460        -0.16642        -0.01460        -0.26664        -0.00275        -0.26664        -0.00275        0.01252         0.02018         0.08433         0.01791         0.02724         0.04126         0.02483         1.99859         0.00306         1.99215         0.00306         1.99139         -0.00080        1.99663         -0.00080        
25              -0.00477        3.35348         2.48607         -4.05696        8.96254         -2.41951        0.00000         0.86741         0.91174         -0.04433        2.73818         0.00041         -0.27642        -0.01461        -0.16587        -0.01461        -0.26664        -0.00284        -0.26664        -0.00284        0.01293         0.02222         0.08430         0.01925         0.02818         0.04022         0.02687         1.99866         0.00371         1.99166         0.00371         1.99098         -0.00084        1.99653         -0.00084        
26              -0.00498        3.57202         2.61687         -4.27366        9.43325         -2.54271        0.00000         0.95514         0.99955         -0.04440        2.71439         0.00044         -0.27652        -0.01461        -0.16536        -0.01461        -0.26663        -0.00288        -0.26663        -0.00288        0.02425         0.04339         0.08302         0.02438         0.02703         0.03654         0.03011         1.99872         0.01380         1.99116         0.01380         1.99032         -0.00087        1.99667         -0.00087        
27              -0.00580        3.79795         2.75694         -4.50390        9.93291         -2.67207        0.00000         1.04101         1.08458         -0.04357        2.69073         0.00050         -0.27661        -0.01463        -0.16487        -0.01463        -0.26663        -0.00293        -0.26663        -0.00293        0.02335         0.04483         0.08378         0.02262         0.02968         0.03789         0.03088         1.99881         0.01485         1.99064         0.01485         1.99009         -0.00090        1.99635         -0.00090        
28              -0.00591        4.02922         2.90919         -4.75095        10.47065        -2.81051        0.00000         1.12003         1.16374         -0.04371        2.66791         0.00057         -0.27670        -0.01464        -0.16444        -0.01464        -0.26662        -0.00301        -0.26661        -0.00301        0.02529         0.05143         0.08323         0.02522         0.02966         0.03601         0.03317         1.99888         0.01966         1.99010         0.01966         1.98952         -0.00095        1.99631         -0.00095        
29              -0.00687        4.27083         3.07293         -5.01374        11.04253        -2.95587        0.00000         1.19791         1.24040         -0.04249        2.64459         0.00068         -0.27677        -0.01470        -0.16402        -0.01470        -0.26662        -0.00305        -0.26661        -0.00305        0.02372         0.05198         0.08376         0.02389         0.03210         0.03726         0.03373         1.99897         0.02032         1.98956         0.02032         1.98923         -0.00099        1.99597         -0.00099        
30              -0.00695        4.51864         3.25419         -5.29666        11.66509        -3.11425        0.00000         1.26445         1.30746         -0.04300        2.62163         0.00066         -0.27684        -0.01468        -0.16367        -0.01468        -0.26661        -0.00310        -0.26660        -0.00310        0.02414         0.05603         0.08302         0.02729         0.03187         0.03533         0.03600         1.99905         0.02386         1.98900         0.02386         1.98860         -0.00102        1.99594         -0.00102        
31              -0.00803        4.78742         3.45324         -5.60691        12.34560        -3.28544        0.00000         1.33418         1.37603         -0.04186        2.59898         0.00068         -0.27690        -0.01469        -0.16328        -0.01469        -0.26661        -0.00312        -0.26661        -0.00312        0.02247         0.05641         0.08474         0.02292         0.03662         0.03950         0.03459         1.99914         0.02454         1.98842         0.02454         1.98853         -0.00104        1.99528         -0.00104        
32              -0.00838        5.06929         3.66828         -5.93790        13.07080        -3.46462        0.00000         1.40101         1.44297         -0.04196        2.57685         0.00071         -0.27695        -0.01470        -0.16292        -0.01470        -0.26660        -0.00318        -0.26660        -0.00318        0.02154         0.05807         0.08494         0.02275         0.03819         0.04083         0.03500         1.99922         0.02638         1.98783         0.02638         1.98811         -0.00108        1.99493         -0.00108        
33              -0.00935        5.36575         3.90541         -6.30381        13.87801        -3.66880        0.00000         1.46034         1.49945         -0.03911        2.55352         0.00102         -0.27701        -0.01481        -0.16264        -0.01481        -0.26657        -0.00324        -0.26657        -0.00324        0.02288         0.06553         0.08045         0.03746         0.03004         0.03164         0.04178         1.99931         0.03412         1.98718         0.03412         1.98652         -0.00111        1.99568         -0.00111        
34              -0.00978        5.67954         4.16210         -6.68775        14.72674        -3.87689        0.00000         1.51743         1.55658         -0.03915        2.53095         0.00093         -0.27704        -0.01478        -0.16235        -0.01478        -0.26658        -0.00326        -0.26658        -0.00326        0.02156         0.06606         0.08244         0.03361         0.03444         0.03620         0.04044         1.99939         0.03525         1.98655         0.03525         1.98625         -0.00113        1.99506         -0.00113        
35              -0.01080        6.01085         4.43494         -7.09989        15.63597        -4.10113        0.00000         1.57591         1.61340         -0.03749        2.50882         0.00098         -0.27707        -0.01481        -0.16207        -0.01481        -0.26658        -0.00330        -0.26658        -0.00330        0.02094         0.06851         0.08029         0.04003         0.03089         0.03380         0.04324         1.99947         0.03864         1.98590         0.03864         1.98525         -0.00116        1.99514         -0.00116        
36              -0.01133        6.36165         4.72646         -7.53372        16.59423        -4.33406        0.00000         1.63519         1.67138         -0.03619        2.48803         0.00104         -0.27712        -0.01483        -0.16178        -0.01483        -0.26657        -0.00334        -0.26657        -0.00334        0.01986         0.06914         0.08483         0.03052         0.03816         0.04436         0.03858         1.99955         0.04012         1.98524         0.04012         1.98543         -0.00120        1.99395         -0.00120        
37              -0.01180        6.73516         5.04038         -7.99848        17.62400        -4.58515        0.00000         1.69478         1.72926         -0.03448        2.46655         0.00100         -0.27714        -0.01484        -0.16151        -0.01484        -0.26658        -0.00338        -0.26658        -0.00338        0.01919         0.07086         0.08607         0.02930         0.03888         0.04951         0.03731         1.99962         0.04301         1.98455         0.04301         1.98502         -0.00121        1.99333         -0.00121        
38              -0.01308        7.13263         5.37268         -8.48914        18.71013        -4.84831        0.00000         1.75995         1.79193         -0.03198        2.44628         0.00112         -0.27717        -0.01489        -0.16123        -0.01489        -0.26656        -0.00344        -0.26656        -0.00344        0.01848         0.07282         0.07765         0.04871         0.02525         0.03722         0.04625         1.99970         0.04638         1.98386         0.04638         1.98278         -0.00120        1.99445         -0.00120        
39              -0.01308        7.55587         5.72814         -9.01283        19.87019        -5.12922        0.00000         1.82773         1.85680         -0.02907        2.42540         0.00109         -0.27718        -0.01491        -0.16096        -0.01491        -0.26657        -0.00347        -0.26657        -0.00347        0.01788         0.07386         0.08061         0.04539         0.02587         0.04558         0.04404         1.99976         0.04878         1.98313         0.04878         1.98230         -0.00122        1.99376         -0.00122        
40              -0.01508        8.00640         6.10425         -9.56946        21.10388        -5.43017        0.00000         1.90215         1.92536         -0.02322        2.40503         0.00123         -0.27720        -0.01499        -0.16069        -0.01499        -0.26656        -0.00353        -0.26656        -0.00353        0.01658         0.07544         0.07232         0.05954         0.01627         0.03404         0.05018         1.99984         0.05210         1.98237         0.05210         1.98071         -0.00121        1.99412         -0.00121        
41              -0.01515        8.48722         6.51461         -10.17980       22.46756        -5.77316        0.00000         1.97261         1.98336         -0.01075        2.38215         0.00126         -0.27717        -0.01510        -0.16049        -0.01510        -0.26656        -0.00357        -0.26655        -0.00357        0.01625         0.07690         0.05820         0.07538         0.00611         0.01462         0.05680         1.99991         0.05554         1.98151         0.05554         1.97982         -0.00118        1.99365         -0.00118        
42              -0.01610        9.00265         6.96891         -10.86845       24.01888        -6.18151        0.00000         2.03374         2.01860         0.01513         2.35533         0.00137         -0.27711        -0.01535        -0.16039        -0.01535        -0.26655        -0.00360        -0.26655        -0.00360        0.01583         0.07834         0.01703         0.09736         0.01435         0.03464         0.06244         2.00000         0.05939         1.98048         0.05939         1.98312         -0.00105        1.98887         -0.00105        
43              -0.01656        9.56754         7.47552         -11.67902       25.87564        -6.72110        0.00000         2.09202         2.00194         0.09007         2.32117         0.00171         -0.27701        -0.01601        -0.16051        -0.01601        -0.26652        -0.00360        -0.26651        -0.00360        0.01603         0.07993         0.09288         0.04816         0.06120         0.10473         0.01674         2.00012         0.06433         1.97904         0.06433         1.99179         -0.00079        1.97849         -0.00079        
44              -0.01702        10.22918        8.03309         -12.66589       28.18422        -7.48523        0.00000         2.19609         1.92156         0.27453         2.27570         0.00217         -0.27690        -0.01752        -0.16099        -0.01752        -0.26648        -0.00358        -0.26647        -0.00358        0.01709         0.08216         0.09749         0.05770         0.10280         0.07302         0.02101         2.00028         0.07145         1.97690         0.07145         1.99159         -0.00027        1.97661         -0.00027        
45              -0.01646        11.07448        8.59908         -13.86146       31.03401        -8.57347        0.00000         2.47540         1.84471         0.63069         2.21937         0.00286         -0.27682        -0.02026        -0.16184        -0.02026        -0.26642        -0.00358        -0.26639        -0.00358        0.01998         0.08520         0.10652         0.06238         0.12693         0.03705         0.02063         2.00041         0.08151         1.97376         0.08151         1.99077         0.00054         1.97463         0.00054         
46              -0.01483        12.17696        9.08216         -15.26373       34.41577        -10.06988       0.00000         3.09479         1.90355         1.19124         2.15648         0.00414         -0.27678        -0.02429        -0.16295        -0.02429        -0.26632        -0.00358        -0.26625        -0.00358        0.02609         0.08924         0.11344         0.06995         0.13703         0.02356         0.02114         2.00040         0.09504         1.96937         0.09504         1.98995         0.00164         1.97137         0.00164         
47              -0.01139        13.56548        9.40405         -16.91737       38.40958        -12.08816       0.00000         4.16143         2.21922         1.94221         2.08958         0.00595         -0.27679        -0.02926        -0.16424        -0.02926        -0.26618        -0.00370        -0.26606        -0.00370        0.04289         0.09443         0.11867         0.07987         0.14526         0.02028         0.02104         1.99938         0.11255         1.96348         0.11255         1.98896         0.00303         1.96632         0.00303         
48              -0.00534        15.22111        9.46910         -18.86908       43.12650        -14.78832       0.00000         5.75201         2.88588         2.86613         2.02036         0.00841         -0.27651        -0.03485        -0.16561        -0.03485        -0.26597        -0.00396        -0.26579        -0.00396        0.14559         0.10083         0.12240         0.09525         0.15340         0.04389         0.01830         1.97694         0.13467         1.95570         0.13467         1.98782         0.00546         1.95864         0.00546         
49              0.00442         17.08688        9.15733         -21.21019       48.76729        -18.39977       0.00000         7.92955         3.98430         3.94524         1.94931         0.01164         -0.27277        -0.04087        -0.16703        -0.04087        -0.26570        -0.00448        -0.26545        -0.00448        0.26497         0.10871         0.12121         0.12347         0.16196         0.07703         0.00513         1.91249         0.16229         1.94546         0.16229         1.98648         0.01138         1.94732         0.01138         
50              0.01932         19.07092        8.30460         -24.03770       55.58527        -23.24297       0.00000         10.76632        5.59762         5.16870         1.87643         0.01573         -0.26738        -0.04712        -0.16848        -0.04712        -0.26533        -0.00588        -0.26503        -0.00588        0.27947         0.11848         0.10888         0.17079         0.17125         0.08310         0.00297         1.89123         0.19648         1.93188         0.19648         1.98488         0.02995         1.93106         0.02995         
51              0.04097         21.03672        6.68403         -27.48439       63.92170        -29.75329       0.00000         14.35269        7.82000         6.53269         1.80162         0.02071         -0.26143        -0.05353        -0.16995        -0.05353        -0.26488        -0.00914        -0.26453        -0.00914        0.29117         0.13067         0.08172         0.21179         0.18153         0.08981         0.00223         1.86813         0.23849         1.91361         0.23849         1.98293         0.06544         1.90824         0.06544         
52              0.07013         22.79637        4.00312         -31.68929       74.18029        -38.48788       0.00000         18.79325        10.77248        8.02077         1.72485         0.02645         -0.25511        -0.05992        -0.17137        -0.05992        -0.26437        -0.01443        -0.26397        -0.01443        0.30230         0.14598         0.06083         0.22992         0.19294         0.09807         0.00182         1.84233         0.28920         1.88891         0.28920         1.98061         0.10347         1.87694         0.10347         
53              0.10645         24.08829        -0.14978        -36.76691       86.72606        -50.10894       0.00000         24.23807        14.51167        9.72640         1.64718         0.03419         -0.24874        -0.06663        -0.17271        -0.06663        -0.26365        -0.02114        -0.26325        -0.02114        0.31217         0.16488         0.04764         0.24145         0.20538         0.10812         0.00158         1.81492         0.34937         1.85511         0.34937         1.97786         0.14656         1.83550         0.14656         
54              0.20055         23.96248        -14.08526       -49.62148       119.89049       -84.35428       0.00000         38.04775        24.96990        13.07784        1.49126         0.04711         -0.23630        -0.07809        -0.17476        -0.07809        -0.26252        -0.03810        -0.26214        -0.03810        0.32425         0.21828         0.02996         0.26215         0.23199         0.13630         0.00154         1.77165         0.49037         1.74824         0.49037         1.97141         0.26579         1.71956         0.26579         
55              0.25142         21.91419        -24.58824       -57.60350       141.68455       -108.66929      0.00000         46.50243        31.28718        15.21526        1.41539         0.05656         -0.23119        -0.08443        -0.17520        -0.08443        -0.26166        -0.04732        -0.26137        -0.04732        0.32416         0.25231         0.02383         0.27191         0.24514         0.15506         0.00171         1.76306         0.56856         1.66808         0.56856         1.96741         0.34407         1.64693         0.34407         
56              0.30284         18.32329        -37.37260       -66.34140       166.98153       -138.01273      0.00000         55.69588        38.35772        17.33817        1.34401         0.06462         -0.22689        -0.09029        -0.17509        -0.09029        -0.26096        -0.05693        -0.26074        -0.05693        0.31798         0.29112         0.01808         0.28133         0.25700         0.17767         0.00193         1.77016         0.64424         1.56925         0.64424         1.96304         0.43265         1.56918         0.43265         
57              0.35141         13.28778        -52.26672       -75.40818       195.17498       -172.03352      0.00000         65.55450        45.92769        19.62681        1.28049         0.07298         -0.22359        -0.09611        -0.17437        -0.09611        -0.26026        -0.06655        -0.26013        -0.06655        0.30576         0.33230         0.01171         0.29030         0.26617         0.20421         0.00225         1.79209         0.71266         1.45725         0.71266         1.95824         0.52779         1.49150         0.52779         
58              0.39540         7.11170         -68.72268       -84.41939       225.74885       -210.05214      0.00000         75.83438        53.78828        22.04610        1.22662         0.08127         -0.22130        -0.10185        -0.17311        -0.10185        -0.25958        -0.07602        -0.25956        -0.07602        0.28896         0.37288         0.02162         0.29781         0.26969         0.23105         0.00441         1.82337         0.76963         1.34281         0.76963         1.94494         0.62496         1.42643         0.62496         
59              0.43432         0.34548         -85.95439       -93.00500       258.19173       -251.14112      0.00000         86.29987        61.66576        24.63410        1.18304         0.08950         -0.21991        -0.10765        -0.17152        -0.10765        -0.25904        -0.08521        -0.25893        -0.08521        0.27023         0.41025         0.30568         0.01470         0.00899         0.01693         0.00929         1.85641         0.81284         1.23832         0.81284         1.35133         0.71928         1.94873         0.71928         
60              0.46973         -6.09441        -102.84241      -100.65861      291.63637       -293.82017      0.00000         96.74800        69.21983        27.52817        1.14879         0.09781         -0.21926        -0.11380        -0.16997        -0.11380        -0.25857        -0.09387        -0.25833        -0.09387        0.25226         0.44284         0.31305         0.00937         0.00831         0.01845         0.00464         1.88547         0.84170         1.15364         0.84170         1.29351         0.80540         1.94359         0.80540         
61              0.50490         -11.06813       -117.80708      -106.26473      321.35041       -332.89276      0.00000         106.73895       75.74561        30.99334        1.12343         0.10629         -0.21925        -0.12082        -0.16911        -0.12082        -0.25819        -0.10139        -0.25780        -0.10139        0.23833         0.46893         0.32127         0.00660         0.00973         0.01768         0.01622         1.90671         0.85632         1.09838         0.85632         1.24513         0.87557         1.93922         0.87557         
62              0.54079         -14.42658       -129.44594      -108.81340      336.43349       -357.06603      0.00000         115.01936       80.09298        34.92638        1.10880         0.11350         -0.21973        -0.12854        -0.16960        -0.12854        -0.25802        -0.10660        -0.25753        -0.10660        0.23189         0.48530         0.33179         0.00379         0.01079         0.01705         0.02299         1.91765         0.85994         1.07853         0.85994         1.21016         0.91972         1.93735         0.91972         
63              0.57660         -17.11165       -138.67991      -109.55968      337.35591       -366.47613      0.00000         121.56826       82.81651        38.75175        1.10318         0.11812         -0.22036        -0.13577        -0.17097        -0.13577        -0.25808        -0.11008        -0.25760        -0.11008        0.23062         0.49428         0.34363         0.00184         0.01196         0.01565         0.02602         1.92232         0.85951         1.07981         0.85951         1.18622         0.94466         1.93787         0.94466         
64              0.61380         -19.32876       -147.16176      -110.07427      335.48343       -372.57092      0.00000         127.83301       85.57111        42.26190        1.09996         0.12067         -0.22096        -0.14208        -0.17226        -0.14208        -0.25828        -0.11352        -0.25791        -0.11352        0.22877         0.50196         0.35537         0.00019         0.01271         0.01447         0.02786         1.92720         0.85855         1.08365         0.85855         1.16490         0.96649         1.93881         0.96649         
65              0.65303         -21.12939       -155.20474      -110.59209      333.01103       -377.62368      0.00000         134.07534       88.60433        45.47102        1.09759         0.12190         -0.22152        -0.14752        -0.17334        -0.14752        -0.25852        -0.11717        -0.25835        -0.11717        0.22534         0.50928         0.36675         0.00219         0.01326         0.01330         0.02887         1.93304         0.85797         1.08689         0.85797         1.14511         0.98739         1.93983         0.98739         
66              0.69362         -22.56811       -162.84850      -111.08325      330.33512       -382.10038      0.00000         140.28039       91.92046        48.35993        1.09546         0.12282         -0.22203        -0.15208        -0.17415        -0.15208        -0.25882        -0.12100        -0.25873        -0.12100        0.22024         0.51656         0.00156         0.37742         0.16441         0.40382         0.00177         1.93966         0.85801         1.08880         0.85801         1.94095         1.00715         1.12695         1.00715         
67              0.73370         -23.71528       -169.76183      -111.44782      327.27739       -385.59141      0.00000         146.04655       95.34804        50.69851        1.09387         0.12331         -0.22249        -0.15556        -0.17470        -0.15556        -0.25925        -0.12482        -0.25891        -0.12482        0.21373         0.52326         0.00381         0.38692         0.15500         0.40788         0.00165         1.94640         0.85892         1.08930         0.85892         1.94186         1.02425         1.11200         1.02425         
68              0.76993         -24.65693       -175.67347      -111.49870      323.71566       -387.89043      0.00000         151.01654       98.59444        52.42210        1.09326         0.12385         -0.22286        -0.15799        -0.17493        -0.15799        -0.25955        -0.12832        -0.25901        -0.12832        0.20644         0.52893         0.00491         0.39474         0.14802         0.40996         0.00157         1.95253         0.86058         1.08784         0.86058         1.94271         1.03732         1.10134         1.03732         
69              0.80085         -25.47378       -180.51484      -111.22902      320.10098       -389.38680      0.00000         155.04106       101.54701       53.49405        1.09282         0.12408         -0.22315        -0.15946        -0.17486        -0.15946        -0.25976        -0.13139        -0.25909        -0.13139        0.19885         0.53368         0.00590         0.40086         0.14306         0.41072         0.00145         1.95790         0.86227         1.08473         0.86227         1.94338         1.04664         1.09441         1.04664         
70              0.82677         -26.21546       -184.40083      -110.71907      316.47435       -390.15612      0.00000         158.18537       104.16049       54.02489        1.09211         0.12439         -0.22337        -0.16018        -0.17458        -0.16018        -0.25983        -0.13401        -0.25910        -0.13401        0.19144         0.53737         0.00686         0.40543         0.13935         0.41070         0.00139         1.96239         0.86404         1.08041         0.86404         1.94391         1.05256         1.09090         1.05256         
71              0.84871         -26.90820       -187.71717      -110.02935      312.82597       -390.51380      0.00000         160.80897       106.51920       54.28978        1.09226         0.12451         -0.22353        -0.16053        -0.17414        -0.16053        -0.25988        -0.13629        -0.25912        -0.13629        0.18434         0.54054         0.00763         0.40913         0.13637         0.41021         0.00126         1.96627         0.86534         1.07567         0.86534         1.94434         1.05663         1.08908         1.05663         
72              0.86882         -27.56038       -190.63292      -109.31167      309.27860       -390.59986      0.00000         163.07254       108.74861       54.32392        1.09223         0.12452         -0.22367        -0.16058        -0.17363        -0.16058        -0.25988        -0.13840        -0.25911        -0.13840        0.17747         0.54321         0.00820         0.41227         0.13355         0.40959         0.00120         1.96972         0.86660         1.07096         0.86660         1.94475         1.05948         1.08834         1.05948         
73              0.88721         -28.17555       -193.38949      -108.53721      305.82379       -390.67607      0.00000         165.21393       110.85079       54.36315        1.09217         0.12471         -0.22380        -0.16063        -0.17305        -0.16063        -0.25987        -0.14033        -0.25911        -0.14033        0.17089         0.54569         0.00886         0.41507         0.13093         0.40880         0.00115         1.97268         0.86777         1.06586         0.86777         1.94507         1.06181         1.08822         1.06181         
74              0.90579         -28.75582       -195.90829      -107.85722      302.48084       -390.53191      0.00000         167.15247       112.96412       54.18835        1.09241         0.12433         -0.22395        -0.16040        -0.17250        -0.16040        -0.25987        -0.14226        -0.25911        -0.14226        0.16448         0.54790         0.00927         0.41782         0.12802         0.40813         0.00110         1.97539         0.86907         1.06163         0.86907         1.94546         1.06377         1.08818         1.06377         
75              0.92349         -29.30289       -198.56007      -107.11378      298.98359       -390.42989      0.00000         169.25719       114.94093       54.31626        1.09244         0.12505         -0.22408        -0.16056        -0.17191        -0.16056        -0.25981        -0.14403        -0.25909        -0.14403        0.15849         0.54997         0.00940         0.42040         0.12525         0.40714         0.00100         1.97777         0.87012         1.05712         0.87012         1.94577         1.06551         1.08845         1.06551         
76              0.94189         -29.81814       -200.92615      -106.52223      296.23580       -390.63972      0.00000         171.10800       117.01027       54.09774        1.09217         0.12440         -0.22424        -0.16028        -0.17132        -0.16028        -0.25984        -0.14587        -0.25910        -0.14587        0.15249         0.55208         0.00971         0.42309         0.12236         0.40648         0.00092         1.98003         0.87104         1.05356         0.87104         1.94606         1.06754         1.08817         1.06754         
77              0.96013         -30.30373       -203.52286      -105.90455      292.56680       -390.18512      0.00000         173.21913       118.96161       54.25752        1.09259         0.12541         -0.22440        -0.16049        -0.17082        -0.16049        -0.25974        -0.14760        -0.25906        -0.14760        0.14704         0.55382         0.01025         0.42573         0.11927         0.40535         0.00081         1.98193         0.87245         1.05026         0.87245         1.94643         1.06887         1.08840         1.06887         
78              0.97735         -30.76058       -205.56518      -105.30988      290.12414       -390.37944      0.00000         174.80460       120.90657       53.89803        1.09198         0.12383         -0.22455        -0.16001        -0.17016        -0.16001        -0.25988        -0.14927        -0.25912        -0.14927        0.14155         0.55578         0.00988         0.42820         0.11665         0.40461         0.00079         1.98379         0.87263         1.04721         0.87263         1.94666         1.07066         1.08823         1.07066         
79              0.99542         -31.19332       -208.14552      -104.80865      286.78730       -390.12418      0.00000         176.95220       122.81973       54.13246        1.09256         0.12546         -0.22474        -0.16032        -0.16970        -0.16032        -0.25971        -0.15095        -0.25905        -0.15095        0.13653         0.55737         0.01024         0.43083         0.11352         0.40336         0.00075         1.98531         0.87414         1.04461         0.87414         1.94698         1.07187         1.08833         1.07187         
80              1.01299         -31.60356       -210.19976      -104.27365      284.00451       -389.93063      0.00000         178.59620       124.70636       53.88984        1.09232         0.12436         -0.22490        -0.16001        -0.16912        -0.16001        -0.25981        -0.15256        -0.25909        -0.15256        0.13156         0.55904         0.01020         0.43336         0.11081         0.40233         0.00066         1.98676         0.87469         1.04227         0.87469         1.94726         1.07325         1.08829         1.07325         
81              1.03171         -31.99114       -212.62898      -103.83180      281.07467       -389.87186      0.00000         180.63784       126.58721       54.05063        1.09223         0.12537         -0.22510        -0.16021        -0.16865        -0.16021        -0.25971        -0.15417        -0.25905        -0.15417        0.12686         0.56070         0.01007         0.43604         0.10784         0.40103         0.00073         1.98804         0.87575         1.04033         0.87575         1.94753         1.07459         1.08806         1.07459         
82              1.04821         -32.35617       -214.57324      -103.33426      278.18588       -389.42486      0.00000         182.21707       128.36668       53.85038        1.09268         0.12453         -0.22527        -0.15995        -0.16809        -0.15995        -0.25977        -0.15567        -0.25908        -0.15567        0.12234         0.56206         0.01013         0.43842         0.10524         0.39979         0.00052         1.98918         0.87650         1.03825         0.87650         1.94782         1.07552         1.08835         1.07552         
83              1.06752         -32.69829       -216.88390      -102.96806      275.37948       -389.29532      0.00000         184.18561       130.19399       53.99162        1.09229         0.12542         -0.22547        -0.16013        -0.16768        -0.16013        -0.25968        -0.15722        -0.25904        -0.15722        0.11808         0.56364         0.00999         0.44115         0.10240         0.39832         0.00069         1.99022         0.87745         1.03722         0.87745         1.94808         1.07667         1.08791         1.07667         
84              1.08418         -33.02251       -218.73071      -102.53311      272.79687       -388.99446      0.00000         185.70820       131.92032       53.78787        1.09242         0.12459         -0.22566        -0.15986        -0.16711        -0.15986        -0.25975        -0.15864        -0.25907        -0.15864        0.11388         0.56502         0.00979         0.44345         0.09988         0.39702         0.00049         1.99120         0.87774         1.03578         0.87774         1.94832         1.07763         1.08800         1.07763         
85              1.10276         -33.32788       -220.93438      -102.20711      270.01994       -388.74722      0.00000         187.60650       133.66005       53.94645        1.09214         0.12539         -0.22586        -0.16008        -0.16673        -0.16008        -0.25967        -0.16011        -0.25904        -0.16011        0.11002         0.56644         0.00968         0.44619         0.09726         0.39536         0.00048         1.99200         0.87879         1.03512         0.87879         1.94857         1.07853         1.08762         1.07853         
86              1.12026         -33.61639       -222.74787      -101.83829      267.39530       -388.30488      0.00000         189.13148       135.32985       53.80163        1.09241         0.12490         -0.22605        -0.15988        -0.16624        -0.15988        -0.25971        -0.16147        -0.25906        -0.16147        0.10621         0.56774         0.00934         0.44855         0.09479         0.39385         0.00047         1.99274         0.87936         1.03417         0.87936         1.94881         1.07919         1.08772         1.07919         
87              1.13831         -33.88843       -224.78062      -101.53597      264.80226       -388.04691      0.00000         190.89219       137.00004       53.89215        1.09207         0.12533         -0.22625        -0.16000        -0.16583        -0.16000        -0.25967        -0.16284        -0.25904        -0.16284        0.10261         0.56912         0.00901         0.45116         0.09232         0.39213         0.00042         1.99342         0.88003         1.03388         0.88003         1.94903         1.07997         1.08736         1.07997         
88              1.15601         -34.14479       -226.57418      -101.21470      262.14121       -387.50069      0.00000         192.42939       138.61134       53.81805        1.09244         0.12510         -0.22644        -0.15990        -0.16541        -0.15990        -0.25968        -0.16415        -0.25904        -0.16415        0.09914         0.57035         0.00878         0.45358         0.09000         0.39040         0.00039         1.99402         0.88066         1.03351         0.88066         1.94927         1.08044         1.08736         1.08044         
89              1.17424         -34.38381       -250.95093      -138.18409      498.73218       -611.49902      0.00000         216.56712       162.69622       53.87089        1.09208         0.12533         -0.22960        -0.15998        -0.19867        -0.15998        -0.25966        -0.13494        -0.25903        -0.13494        0.09691         0.36687         0.00462         0.33404         0.09976         0.41986         0.00160         1.99457         0.88128         1.34621         0.88128         1.94946         0.81916         1.08702         0.81916         
90              1.19221         -34.61003       -239.91895      -155.11745      695.34679       -780.14830      0.00000         205.30892       151.46026       53.84865        1.09196         0.12527         -0.21971        -0.15995        -0.19172        -0.15995        -0.25966        -0.16133        -0.25903        -0.16133        0.17377         0.58573         0.01080         0.29337         0.21255         0.48703         0.00042         1.96625         0.88182         1.17790         0.88182         1.94967         1.46383         1.08681         1.46383         
91              1.20937         -34.82247       -256.71471      -137.92684      491.22455       -610.01242      0.00000         221.89224       168.06701       53.82523        1.09227         0.12536         -0.23068        -0.15991        -0.20278        -0.15991        -0.25965        -0.13125        -0.25903        -0.13125        0.08100         0.35691         0.00378         0.33440         0.09460         0.41632         0.00208         1.99820         0.88238         1.34866         0.88238         1.94986         0.80432         1.08691         0.80432         
92              1.22832         -35.02237       -257.89388      -136.69389      484.63049       -605.83049      0.00000         222.87152       169.04642       53.82510        1.09217         0.12534         -0.23077        -0.15992        -0.20369        -0.15992        -0.25965        -0.13111        -0.25902        -0.13111        0.07922         0.35254         0.00349         0.33227         0.09142         0.41566         0.00204         1.99813         0.88304         1.35132         0.88304         1.95005         0.79965         1.08667         0.79965         
93              1.24597         -35.20854       -238.93507      -153.04188      693.38323       -779.27642      0.00000         203.72653       149.90201       53.82452        1.09197         0.12545         -0.21850        -0.15991        -0.19188        -0.15991        -0.25964        -0.16454        -0.25903        -0.16454        0.17037         0.59039         0.01023         0.28390         0.20489         0.49757         0.00027         1.96635         0.88341         1.17954         0.88341         1.95021         1.50194         1.08656         1.50194         
94              1.26402         -35.38333       -256.76041      -131.44353      463.07013       -588.38701      0.00000         221.37707       167.56777       53.80930        1.09220         0.12543         -0.22943        -0.15991        -0.20366        -0.15991        -0.25963        -0.13436        -0.25901        -0.13436        0.08409         0.34332         0.00313         0.32172         0.08459         0.41533         0.00148         1.99561         0.88407         1.35767         0.88407         1.95040         0.79506         1.08651         0.79506         
95              1.28078         -35.53731       -237.89394      -153.16602      689.30735       -774.03527      0.00000         202.35663       148.55176       53.80487        1.09203         0.12554         -0.21844        -0.15988        -0.18833        -0.15988        -0.25963        -0.16821        -0.25903        -0.16821        0.14865         0.58311         0.00906         0.30380         0.17204         0.49871         0.00020         1.97668         0.88426         1.19121         0.88426         1.95054         1.44640         1.08630         1.44640         
96              1.29920         -35.68703       -238.16353      -151.56220      691.32050       -777.92184      0.00000         202.47650       148.63477       53.84173        1.09196         0.12554         -0.21748        -0.15995        -0.19148        -0.15995        -0.25962        -0.16783        -0.25901        -0.16783        0.16210         0.59253         0.00926         0.27967         0.19156         0.50661         0.00030         1.96901         0.88497         1.18380         0.88497         1.95070         1.52257         1.08604         1.52257         
97              1.31634         -35.82593       -482.85991      -175.95863      653.71898       -960.62026      0.00000         447.03398       393.18730       53.84668        1.09198         0.12554         -0.22968        -0.15993        -0.11966        -0.15993        -0.25963        -0.10894        -0.25902        -0.10894        0.00078         0.07754         0.00042         0.10849         0.02206         0.00263         0.01193         1.98610         0.88527         0.84787         0.88527         1.95084         0.54896         1.08585         0.54896         
98              1.33460         -35.95961       -237.61583      -150.56481      690.06043       -777.11145      0.00000         201.65622       147.84106       53.81515        1.09197         0.12565         -0.21684        -0.15990        -0.19138        -0.15990        -0.25960        -0.16979        -0.25900        -0.16979        0.15775         0.59431         0.00849         0.27516         0.18422         0.51253         0.00030         1.97019         0.88587         1.18582         0.88587         1.95098         1.53999         1.08590         1.53999         
99              1.35315         -36.08535       -237.00065      -150.37866      687.62023       -774.24223      0.00000         200.91531       147.08298       53.83232        1.09184         0.12561         -0.21698        -0.15992        -0.18902        -0.15992        -0.25962        -0.17205        -0.25901        -0.17205        0.14449         0.59043         0.00816         0.28927         0.16339         0.51204         0.00013         1.97661         0.88617         1.19105         0.88617         1.95111         1.50247         1.08559         1.50247         
100             1.37204         -36.20383       -237.14593      -149.29259      688.84783       -776.70117      0.00000         200.94210       147.09700       53.84510        1.09194         0.12575         -0.21622        -0.15994        -0.19155        -0.15994        -0.25960        -0.17160        -0.25900        -0.17160        0.15463         0.59691         0.00801         0.26858         0.17767         0.51915         0.00025         1.97077         0.88675         1.18641         0.88675         1.95125         1.56344         1.08555         1.56344         
101             1.39101         -36.31486       -236.89159      -149.06908      688.51649       -776.33901      0.00000         200.57673       146.76054       53.81619        1.09183         0.12567         -0.21588        -0.15990        -0.19149        -0.15990        -0.25960        -0.17257        -0.25901        -0.17257        0.15238         0.59728         0.00768         0.26638         0.17352         0.52203         0.00027         1.97142         0.88704         1.18853         0.88704         1.95135         1.57076         1.08541         1.57076         
102             1.41051         -36.41771       -359.62374      -173.49086      580.84191       -766.97479      0.00000         323.20603       269.33330       53.87273        1.09185         0.12586         -0.24252        -0.15997        -0.16456        -0.15997        -0.25959        -0.14692        -0.25900        -0.14692        0.04962         0.05134         0.00005         0.07104         0.02073         0.19724         0.00002         1.99139         0.88761         0.88619         0.88761         1.95148         0.59111         1.08518         0.59111         
103             1.42928         -36.51367       -456.89677      -182.79607      484.24339       -758.34409      0.00000         420.38310       366.57276       53.81034        1.09178         0.12569         -0.30727        -0.15989        -0.18999        -0.15989        -0.25960        -0.10279        -0.25900        -0.10279        0.02285         0.10382         0.02101         0.51810         0.01157         0.10100         0.00017         1.99002         0.88792         0.05006         0.88792         1.95157         0.69068         1.08516         0.69068         
104             1.44911         -36.60548       -236.32813      -147.37151      686.80787       -775.76449      0.00000         199.72265       145.82727       53.89538        1.09178         0.12596         -0.21510        -0.16000        -0.19186        -0.16000        -0.25958        -0.17510        -0.25899        -0.17510        0.14741         0.60059         0.00710         0.25612         0.16348         0.53144         0.00020         1.97244         0.88839         1.18967         0.88839         1.95170         1.60455         1.08480         1.60455         
105             1.46811         -36.68899       -235.64895      -146.77606      684.80010       -773.67300      0.00000         198.95996       145.15705       53.80291        1.09173         0.12571         -0.21510        -0.15989        -0.18992        -0.15989        -0.25959        -0.17715        -0.25899        -0.17715        0.13614         0.59876         0.00679         0.26659         0.14760         0.53095         0.00005         1.97759         0.88881         1.19142         0.88881         1.95177         1.57969         1.08499         1.57969         
106             1.48621         -36.75938       -235.65628      -146.26936      684.34998       -773.73690      0.00000         198.89689       144.98967       53.90723        1.09173         0.12607         -0.21487        -0.16001        -0.19015        -0.16001        -0.25957        -0.17784        -0.25899        -0.17784        0.13507         0.59990         0.00672         0.26312         0.14484         0.53380         0.00004         1.97773         0.88914         1.19184         0.88914         1.95188         1.59091         1.08454         1.59091         
107             1.50398         -36.82620       -308.23351      -135.90656      375.79341       -548.12037      0.00000         271.40731       217.56731       53.84000        1.09168         0.12577         -0.24562        -0.15994        -0.22632        -0.15994        -0.25959        -0.12678        -0.25899        -0.12678        0.01375         0.32673         0.00078         0.16181         0.05385         0.35564         0.00091         1.99848         0.88950         1.32077         0.88950         1.95194         0.14428         1.08457         0.14428         
108             1.52210         -36.88992       -235.52974      -144.79755      684.93166       -775.66385      0.00000         198.63981       144.74544       53.89437        1.09167         0.12606         -0.21408        -0.15999        -0.19272        -0.15999        -0.25957        -0.17753        -0.25899        -0.17753        0.14482         0.60593         0.00643         0.23879         0.15433         0.54334         0.00013         1.97216         0.88980         1.18722         0.88980         1.95202         1.65679         1.08432         1.65679         
109             1.54011         -36.94884       -235.35426      -144.59973      684.50261       -775.25715      0.00000         198.40542       144.52704       53.87838        1.09164         0.12590         -0.21391        -0.15998        -0.19252        -0.15998        -0.25958        -0.17833        -0.25899        -0.17833        0.14102         0.60599         0.00621         0.23756         0.14969         0.54537         0.00017         1.97358         0.89022         1.18848         0.89022         1.95209         1.66030         1.08424         1.66030         
110             1.55817         -37.00337       -235.20464      -144.18632      684.21069       -775.22902      0.00000         198.20128       144.31635       53.88493        1.09161         0.12605         -0.21363        -0.15998        -0.19287        -0.15998        -0.25956        -0.17885        -0.25899        -0.17885        0.14166         0.60699         0.00600         0.23277         0.14802         0.54812         0.00012         1.97295         0.89045         1.18870         0.89045         1.95216         1.67337         1.08409         1.67337         
111             1.57630         -37.05407       -235.06893      -143.58715      683.72499       -775.20678      0.00000         198.01485       144.11035       53.90451        1.09160         0.12599         -0.21346        -0.16001        -0.19303        -0.16001        -0.25957        -0.17938        -0.25898        -0.17938        0.14015         0.60807         0.00577         0.22898         0.14527         0.55072         0.00013         1.97332         0.89085         1.18791         0.89085         1.95223         1.68417         1.08393         1.68417         
112             1.59421         -37.10072       -234.92210      -143.39838      683.51045       -775.03417      0.00000         197.82138       143.92560       53.89578        1.09151         0.12606         -0.21323        -0.15999        -0.19309        -0.15999        -0.25957        -0.17998        -0.25899        -0.17998        0.13866         0.60845         0.00580         0.22607         0.14221         0.55288         0.00012         1.97370         0.89107         1.18896         0.89107         1.95228         1.69145         1.08381         1.69145         
113             1.61197         -37.14365       -234.80176      -142.97382      683.16264       -774.99059      0.00000         197.65811       143.75015       53.90796        1.09160         0.12604         -0.21301        -0.16002        -0.19345        -0.16002        -0.25956        -0.18032        -0.25898        -0.18032        0.13900         0.60933         0.00562         0.22107         0.14093         0.55547         0.00011         1.97320         0.89150         1.18863         0.89150         1.95234         1.70441         1.08371         1.70441         
114             1.62911         -37.18271       -235.23894      -146.52229      684.02457       -772.74122      0.00000         198.05623       144.14283       53.91340        1.09147         0.12610         -0.21296        -0.16002        -0.19219        -0.16002        -0.25956        -0.18192        -0.25899        -0.18192        0.12776         0.60177         0.00542         0.22950         0.12970         0.55458         0.00014         1.97793         0.89170         1.20641         0.89170         1.95238         1.67131         1.08355         1.67131         
115             1.64659         -37.21977       -234.55703      -141.96221      682.63868       -775.23351      0.00000         197.33725       143.41583       53.92142        1.09153         0.12609         -0.21267        -0.16004        -0.19426        -0.16004        -0.25956        -0.18084        -0.25898        -0.18084        0.14035         0.61159         0.00546         0.21034         0.13896         0.56060         0.00006         1.97198         0.89211         1.18690         0.89211         1.95244         1.73157         1.08344         1.73157         
