#IRC            bondlength_1    EnergyTotal     Int             Elstat          Pauli           OI              Disp            StrainTotal     frag1Strain     frag2Strain     bondlength_2    bondlength_3    orbitalenergy_1 orbitalenergy_2 orbitalenergy_3 orbitalenergy_4 orbitalenergy_5 orbitalenergy_6 orbitalenergy_7 orbitalenergy_8 overlap_1       overlap_2       overlap_3       overlap_4       overlap_5       overlap_6       overlap_7       population_1    population_2    population_3    population_4    population_5    population_6    population_7    population_8    
1               -0.00000        1.71623         0.72728         -1.37886        3.10161         -0.99547        0.00000         0.98895         0.98974         -0.00080        3.12692         -0.00000        -0.28490        -0.01544        -0.18238        -0.01544        -0.26746        -0.00600        -0.26745        -0.00600        0.01025         0.03334         0.01197         0.08398         0.02388         0.00648         0.02739         1.99892         0.00372         1.99633         0.00372         1.99698         0.00043         1.99526         0.00043         
2               -0.00039        1.76420         0.75342         -1.44296        3.23558         -1.03921        0.00000         1.01079         1.01158         -0.00079        3.10393         0.00002         -0.28494        -0.01545        -0.18223        -0.01545        -0.26745        -0.00604        -0.26745        -0.00604        0.00941         0.03447         0.01082         0.08456         0.02473         0.00589         0.02823         1.99892         0.00402         1.99615         0.00402         1.99695         0.00043         1.99508         0.00043         
3               -0.00069        1.81188         0.78160         -1.51392        3.38260         -1.08708        0.00000         1.03028         1.03100         -0.00072        3.07921         0.00003         -0.28493        -0.01545        -0.18211        -0.01545        -0.26745        -0.00607        -0.26745        -0.00607        0.00827         0.03449         0.01037         0.08498         0.02531         0.00520         0.02919         1.99892         0.00406         1.99596         0.00406         1.99686         0.00042         1.99494         0.00042         
4               -0.00104        1.86087         0.81607         -1.59361        3.55028         -1.14060        0.00000         1.04480         1.04562         -0.00082        3.05465         0.00005         -0.28497        -0.01546        -0.18201        -0.01546        -0.26745        -0.00609        -0.26744        -0.00609        0.00705         0.03454         0.00917         0.08542         0.02621         0.00464         0.03005         1.99893         0.00412         1.99575         0.00412         1.99680         0.00041         1.99473         0.00041         
5               -0.00133        1.91116         0.85438         -1.68123        3.73383         -1.19823        0.00000         1.05679         1.05755         -0.00077        3.03137         0.00006         -0.28496        -0.01546        -0.18193        -0.01546        -0.26745        -0.00610        -0.26744        -0.00610        0.00650         0.03564         0.00829         0.08576         0.02698         0.00415         0.03092         1.99893         0.00445         1.99554         0.00445         1.99672         0.00039         1.99454         0.00039         
6               -0.00162        1.96370         0.89642         -1.77673        3.93442         -1.26127        0.00000         1.06728         1.06806         -0.00078        3.00620         0.00009         -0.28499        -0.01547        -0.18185        -0.01547        -0.26745        -0.00611        -0.26744        -0.00611        0.00544         0.03524         0.00742         0.08607         0.02778         0.00364         0.03182         1.99893         0.00440         1.99531         0.00440         1.99663         0.00037         1.99433         0.00037         
7               -0.00190        2.01955         0.94444         -1.88120        4.15467         -1.32903        0.00000         1.07511         1.07587         -0.00076        2.98331         0.00009         -0.28499        -0.01547        -0.18180        -0.01547        -0.26745        -0.00612        -0.26744        -0.00612        0.00461         0.03600         0.00648         0.08637         0.02861         0.00317         0.03274         1.99893         0.00467         1.99507         0.00467         1.99653         0.00034         1.99411         0.00034         
8               -0.00213        2.07923         0.99568         -1.99347        4.39084         -1.40169        0.00000         1.08355         1.08431         -0.00076        2.95963         0.00012         -0.28499        -0.01548        -0.18173        -0.01548        -0.26744        -0.00612        -0.26744        -0.00612        0.00425         0.03550         0.00551         0.08656         0.02947         0.00292         0.03359         1.99893         0.00460         1.99481         0.00460         1.99643         0.00031         1.99388         0.00031         
9               -0.00224        2.14350         1.05335         -2.11532        4.64906         -1.48039        0.00000         1.09016         1.09088         -0.00072        2.93650         0.00014         -0.28501        -0.01549        -0.18169        -0.01549        -0.26744        -0.00612        -0.26744        -0.00612        0.00337         0.03479         0.00453         0.08681         0.03035         0.00254         0.03452         1.99894         0.00448         1.99453         0.00448         1.99632         0.00028         1.99362         0.00028         
10              -0.00253        2.21250         1.11470         -2.24401        4.92096         -1.56225        0.00000         1.09781         1.09844         -0.00063        2.91405         0.00016         -0.28501        -0.01549        -0.18163        -0.01549        -0.26744        -0.00611        -0.26743        -0.00611        0.00332         0.03685         0.00346         0.08690         0.03124         0.00237         0.03538         1.99895         0.00513         1.99425         0.00513         1.99621         0.00024         1.99336         0.00024         
11              -0.00269        2.28704         1.18203         -2.38325        5.21659         -1.65130        0.00000         1.10501         1.10565         -0.00064        2.89171         0.00017         -0.28500        -0.01550        -0.18158        -0.01550        -0.26744        -0.00611        -0.26743        -0.00611        0.00296         0.03513         0.00255         0.08704         0.03210         0.00221         0.03633         1.99895         0.00471         1.99395         0.00471         1.99608         0.00020         1.99309         0.00020         
12              -0.00284        2.36699         1.25408         -2.52991        5.52885         -1.74486        0.00000         1.11291         1.11366         -0.00075        2.86962         0.00021         -0.28503        -0.01550        -0.18152        -0.01550        -0.26743        -0.00611        -0.26743        -0.00611        0.00224         0.03286         0.00154         0.08712         0.03300         0.00194         0.03728         1.99897         0.00415         1.99364         0.00415         1.99595         0.00015         1.99281         0.00015         
13              -0.00312        2.45349         1.33170         -2.68603        5.86104         -1.84331        0.00000         1.12179         1.12238         -0.00059        2.84784         0.00022         -0.28501        -0.01551        -0.18148        -0.01551        -0.26743        -0.00610        -0.26743        -0.00610        0.00213         0.03379         0.00047         0.08709         0.03390         0.00182         0.03822         1.99898         0.00447         1.99331         0.00447         1.99581         0.00010         1.99251         0.00010         
14              -0.00327        2.54593         1.41480         -2.85131        6.21422         -1.94811        0.00000         1.13113         1.13185         -0.00072        2.82637         0.00025         -0.28505        -0.01551        -0.18141        -0.01551        -0.26743        -0.00609        -0.26742        -0.00609        0.00175         0.03059         0.00058         0.08710         0.03482         0.00167         0.03918         1.99900         0.00368         1.99297         0.00368         1.99567         0.00005         1.99220         0.00005         
15              -0.00346        2.64591         1.50589         -3.02863        6.59416         -2.05964        0.00000         1.14002         1.14041         -0.00039        2.80471         0.00029         -0.28501        -0.01553        -0.18137        -0.01553        -0.26743        -0.00608        -0.26742        -0.00608        0.00130         0.03035         0.00154         0.08711         0.03571         0.00144         0.04020         1.99902         0.00367         1.99261         0.00367         1.99552         0.00001         1.99189         0.00001         
16              -0.00378        2.75228         1.59966         -3.21163        6.98561         -2.17431        0.00000         1.15262         1.15322         -0.00061        2.78436         0.00029         -0.28507        -0.01553        -0.18129        -0.01553        -0.26743        -0.00608        -0.26742        -0.00608        0.00147         0.03047         0.00278         0.08699         0.03668         0.00146         0.04112         1.99904         0.00376         1.99224         0.00376         1.99538         -0.00005        1.99154         -0.00005        
17              -0.00374        2.87022         1.70749         -3.41838        7.43047         -2.30460        0.00000         1.16273         1.16320         -0.00046        2.76274         0.00033         -0.28505        -0.01554        -0.18123        -0.01554        -0.26742        -0.00607        -0.26742        -0.00607        0.00111         0.02589         0.00380         0.08712         0.03769         0.00133         0.04217         1.99907         0.00269         1.99183         0.00269         1.99521         -0.00010        1.99116         -0.00010        
18              -0.00414        2.99747         1.82084         -3.63430        7.89521         -2.44008        0.00000         1.17663         1.17699         -0.00037        2.74167         0.00037         -0.28508        -0.01555        -0.18115        -0.01555        -0.26742        -0.00606        -0.26741        -0.00606        0.00083         0.02114         0.00499         0.08706         0.03871         0.00124         0.04320         1.99910         0.00176         1.99141         0.00176         1.99504         -0.00015        1.99077         -0.00015        
19              -0.00414        3.13453         1.94547         -3.86739        8.39892         -2.58606        0.00000         1.18906         1.18931         -0.00025        2.72043         0.00043         -0.28508        -0.01557        -0.18109        -0.01557        -0.26741        -0.00605        -0.26741        -0.00605        0.00069         0.01838         0.00614         0.08707         0.03975         0.00116         0.04429         1.99913         0.00132         1.99096         0.00132         1.99486         -0.00021        1.99036         -0.00021        
20              -0.00460        3.28198         2.07669         -4.11293        8.92945         -2.73983        0.00000         1.20529         1.20537         -0.00008        2.69944         0.00042         -0.28511        -0.01557        -0.18100        -0.01557        -0.26742        -0.00604        -0.26741        -0.00604        0.00034         0.00924         0.00740         0.08709         0.04086         0.00110         0.04533         1.99917         0.00030         1.99049         0.00030         1.99468         -0.00026        1.98991         -0.00026        
21              -0.00455        3.44009         2.22062         -4.37634        9.50149         -2.90453        0.00000         1.21947         1.21940         0.00008         2.67880         0.00053         -0.28513        -0.01559        -0.18093        -0.01559        -0.26740        -0.00603        -0.26739        -0.00603        0.00032         0.00804         0.00860         0.08711         0.04192         0.00104         0.04647         1.99921         0.00023         1.98999         0.00023         1.99447         -0.00031        1.98945         -0.00031        
22              -0.00517        3.60958         2.37104         -4.65284        10.10153        -3.07765        0.00000         1.23854         1.23825         0.00029         2.65835         0.00047         -0.28516        -0.01558        -0.18083        -0.01558        -0.26741        -0.00601        -0.26741        -0.00601        0.00013         0.00821         0.01001         0.08720         0.04317         0.00105         0.04749         1.99926         0.00066         1.98947         0.00066         1.99429         -0.00037        1.98893         -0.00037        
23              -0.00490        3.79085         2.53587         -4.95036        10.75093        -3.26470        0.00000         1.25499         1.25416         0.00083         2.63680         0.00068         -0.28518        -0.01564        -0.18076        -0.01564        -0.26738        -0.00601        -0.26738        -0.00601        0.00036         0.01933         0.01130         0.08733         0.04436         0.00090         0.04866         1.99931         0.00257         1.98892         0.00257         1.99408         -0.00042        1.98842         -0.00042        
24              -0.00573        3.98854         2.71225         -5.26640        11.44045        -3.46181        0.00000         1.27629         1.27557         0.00072         2.61748         0.00050         -0.28522        -0.01559        -0.18065        -0.01559        -0.26741        -0.00599        -0.26740        -0.00599        0.00018         0.02900         0.01261         0.08751         0.04553         0.00079         0.04980         1.99936         0.00535         1.98835         0.00535         1.99385         -0.00046        1.98786         -0.00046        
25              -0.00547        4.20105         2.89935         -5.60557        12.18197        -3.67704        0.00000         1.30170         1.29961         0.00210         2.59621         0.00085         -0.28528        -0.01569        -0.18054        -0.01569        -0.26737        -0.00597        -0.26736        -0.00597        0.00163         0.05217         0.01445         0.08777         0.04716         0.00097         0.05080         1.99942         0.01609         1.98772         0.01609         1.99369         -0.00051        1.98719         -0.00051        
26              -0.00618        4.43146         3.10694         -5.97082        12.98312        -3.90536        0.00000         1.32452         1.32188         0.00264         2.57555         0.00090         -0.28531        -0.01571        -0.18044        -0.01571        -0.26736        -0.00596        -0.26736        -0.00596        0.00048         0.05134         0.01579         0.08812         0.04836         0.00075         0.05208         1.99948         0.01600         1.98708         0.01600         1.99342         -0.00054        1.98657         -0.00054        
27              -0.00631        4.67992         3.32567         -6.35525        13.82757        -4.14665        0.00000         1.35424         1.35164         0.00261         2.55511         0.00068         -0.28536        -0.01566        -0.18031        -0.01566        -0.26739        -0.00595        -0.26738        -0.00595        0.00132         0.05885         0.01756         0.08848         0.04990         0.00083         0.05317         1.99955         0.02112         1.98641         0.02112         1.99320         -0.00058        1.98585         -0.00058        
28              -0.00683        4.94732         3.55833         -6.76806        14.73531        -4.40892        0.00000         1.38899         1.38451         0.00449         2.53437         0.00087         -0.28544        -0.01572        -0.18018        -0.01572        -0.26737        -0.00594        -0.26737        -0.00594        0.00070         0.06746         0.01968         0.08898         0.05173         0.00075         0.05421         1.99962         0.02790         1.98568         0.02790         1.99302         -0.00061        1.98503         -0.00061        
29              -0.00730        5.23564         3.80759         -7.20812        15.70368        -4.68796        0.00000         1.42805         1.42210         0.00594         2.51422         0.00097         -0.28552        -0.01576        -0.18003        -0.01576        -0.26736        -0.00593        -0.26735        -0.00593        0.00069         0.07202         0.02178         0.08966         0.05355         0.00071         0.05528         1.99968         0.03231         1.98492         0.03231         1.99281         -0.00062        1.98417         -0.00062        
30              -0.00738        5.54429         4.07521         -7.67269        16.72936        -4.98146        0.00000         1.46908         1.46250         0.00658         2.49458         0.00101         -0.28559        -0.01577        -0.17988        -0.01577        -0.26735        -0.00593        -0.26734        -0.00593        0.00101         0.07365         0.02366         0.09036         0.05512         0.00066         0.05653         1.99975         0.03452         1.98413         0.03452         1.99255         -0.00063        1.98332         -0.00063        
31              -0.00802        5.87866         4.35969         -8.17158        17.83085        -5.29959        0.00000         1.51897         1.50963         0.00934         2.47426         0.00108         -0.28569        -0.01582        -0.17972        -0.01582        -0.26735        -0.00593        -0.26734        -0.00593        0.00065         0.07671         0.02623         0.09120         0.05724         0.00064         0.05756         1.99983         0.03819         1.98329         0.03819         1.99236         -0.00063        1.98229         -0.00063        
32              -0.00830        6.23848         4.66104         -8.70231        19.00261        -5.63926        0.00000         1.57744         1.56604         0.01140         2.45422         0.00123         -0.28581        -0.01587        -0.17952        -0.01587        -0.26733        -0.00593        -0.26732        -0.00593        0.00122         0.07974         0.02920         0.09217         0.05962         0.00068         0.05849         1.99990         0.04210         1.98240         0.04210         1.99221         -0.00061        1.98115         -0.00061        
33              -0.00886        6.62494         4.98568         -9.26717        20.25443        -6.00159        0.00000         1.63927         1.62528         0.01399         2.43523         0.00114         -0.28592        -0.01587        -0.17933        -0.01587        -0.26734        -0.00595        -0.26733        -0.00595        0.00079         0.08175         0.03222         0.09327         0.06200         0.00061         0.05951         1.99998         0.04526         1.98147         0.04526         1.99202         -0.00057        1.97995         -0.00057        
34              -0.00920        7.04067         5.31924         -9.86560        21.57515        -6.39031        0.00000         1.72143         1.70174         0.01969         2.41545         0.00151         -0.28608        -0.01601        -0.17910        -0.01601        -0.26730        -0.00598        -0.26729        -0.00598        0.00106         0.08421         0.03645         0.09425         0.06520         0.00068         0.06016         2.00006         0.04913         1.98046         0.04913         1.99199         -0.00051        1.97850         -0.00051        
35              -0.00961        7.48785         5.68922         -10.51053       23.00852        -6.80877        0.00000         1.79864         1.77430         0.02434         2.39594         0.00131         -0.28621        -0.01600        -0.17888        -0.01600        -0.26733        -0.00601        -0.26732        -0.00601        0.00128         0.08621         0.04088         0.09547         0.06852         0.00057         0.06076         2.00013         0.05277         1.97943         0.05277         1.99193         -0.00040        1.97696         -0.00040        
36              -0.01023        7.97101         6.07175         -11.20554       24.55088        -7.27358        0.00000         1.89926         1.86201         0.03725         2.37637         0.00146         -0.28640        -0.01614        -0.17862        -0.01614        -0.26731        -0.00607        -0.26730        -0.00607        0.00096         0.08878         0.05001         0.09501         0.07509         0.00068         0.05944         2.00022         0.05744         1.97825         0.05744         1.99240         -0.00026        1.97476         -0.00026        
37              -0.01033        8.49364         6.48855         -11.97181       26.26385        -7.80349        0.00000         2.00509         1.93697         0.06812         2.35444         0.00194         -0.28656        -0.01652        -0.17841        -0.01652        -0.26726        -0.00613        -0.26725        -0.00613        0.00217         0.09100         0.06347         0.09192         0.08428         0.00062         0.05561         2.00032         0.06235         1.97691         0.06235         1.99301         -0.00003        1.97229         -0.00003        
38              -0.01129        9.06625         6.95543         -12.83519       28.22570        -8.43508        0.00000         2.11082         1.96883         0.14199         2.32943         0.00190         -0.28668        -0.01711        -0.17831        -0.01711        -0.26727        -0.00621        -0.26725        -0.00621        0.00156         0.09287         0.08542         0.08022         0.09744         0.00068         0.04482         2.00045         0.06773         1.97531         0.06773         1.99286         0.00032         1.97048         0.00032         
39              -0.01138        9.72291         7.48045         -13.83940       30.55885        -9.23901        0.00000         2.24246         1.90772         0.33474         2.29727         0.00254         -0.28670        -0.01877        -0.17850        -0.01877        -0.26723        -0.00629        -0.26720        -0.00629        0.00211         0.09448         0.10221         0.06974         0.10662         0.00082         0.03459         2.00064         0.07421         1.97320         0.07421         1.99089         0.00084         1.97044         0.00084         
40              -0.01171        10.54823        8.09571         -15.01019       33.37787        -10.27197       0.00000         2.45252         1.73756         0.71497         2.25583         0.00289         -0.28653        -0.02167        -0.17913        -0.02167        -0.26721        -0.00635        -0.26716        -0.00635        0.00294         0.09633         0.11168         0.06777         0.11319         0.00103         0.02965         2.00088         0.08254         1.97049         0.08254         1.98896         0.00161         1.97030         0.00161         
41              -0.01133        11.64451        8.75359         -16.36943       36.74405        -11.62102       0.00000         2.89092         1.53033         1.36059         2.20565         0.00392         -0.28618        -0.02626        -0.18026        -0.02626        -0.26717        -0.00638        -0.26706        -0.00638        0.00437         0.09925         0.11735         0.07135         0.11946         0.00137         0.02776         2.00119         0.09380         1.96693         0.09380         1.98745         0.00261         1.96942         0.00261         
42              -0.01008        13.08606        9.40687         -17.94735       40.71896        -13.36475       0.00000         3.67920         1.43918         2.24002         2.14893         0.00538         -0.28568        -0.03188        -0.18175        -0.03188        -0.26710        -0.00642        -0.26692        -0.00642        0.00780         0.10342         0.12142         0.07763         0.12574         0.00226         0.02707         2.00154         0.10832         1.96241         0.10832         1.98609         0.00401         1.96740         0.00401         
43              -0.00743        14.89976        9.97642         -19.79282       45.39900        -15.62977       0.00000         4.92334         1.61105         3.31229         2.08780         0.00742         -0.28510        -0.03808        -0.18348        -0.03808        -0.26699        -0.00652        -0.26673        -0.00652        0.02719         0.10894         0.12548         0.08564         0.13211         0.00875         0.02654         2.00124         0.12645         1.95665         0.12645         1.98467         0.00616         1.96368         0.00616         
44              -0.00266        17.06868        10.36431        -21.97402       50.93087        -18.59254       0.00000         6.70438         2.16482         4.53956         2.02351         0.01015         -0.28262        -0.04455        -0.18531        -0.04455        -0.26681        -0.00675        -0.26646        -0.00675        0.25668         0.11597         0.13030         0.09627         0.13867         0.09414         0.00246         1.92111         0.14873         1.94918         0.14873         1.98313         0.00987         1.95735         0.00987         
45              0.00516         19.54888        10.45149        -24.57151       57.51834        -22.49534       0.00000         9.09739         3.20081         5.89657         1.95674         0.01369         -0.27824        -0.05113        -0.18718        -0.05113        -0.26656        -0.00724        -0.26612        -0.00724        0.26760         0.12492         0.13633         0.11072         0.14559         0.10085         0.00106         1.90524         0.17592         1.93926         0.17592         1.98138         0.01679         1.94739         0.01679         
46              0.01721         22.24736        10.06564        -27.69484       65.42805        -27.66757       0.00000         12.18172        4.81456         7.36715         1.88784         0.01812         -0.27323        -0.05772        -0.18898        -0.05772        -0.26622        -0.00824        -0.26570        -0.00824        0.27779         0.13644         0.14217         0.12988         0.15308         0.10836         0.00071         1.88730         0.20903         1.92570         0.20903         1.97936         0.02997         1.93248         0.02997         
47              0.03474         25.03705        8.98194         -31.46419       74.99523        -34.54910       0.00000         16.05512        7.11149         8.94362         1.81702         0.02347         -0.26769        -0.06427        -0.19066        -0.06427        -0.26579        -0.01015        -0.26521        -0.01015        0.28739         0.15146         0.14290         0.15269         0.16141         0.11718         0.00054         1.86744         0.24917         1.90667         0.24917         1.97699         0.05255         1.91098         0.05255         
48              0.05875         27.73485        6.90216         -36.01141       86.61807        -43.70449       0.00000         20.83269        10.20971        10.62298        1.74449         0.02966         -0.26183        -0.07070        -0.19210        -0.07070        -0.26527        -0.01337        -0.26465        -0.01337        0.29566         0.17112         0.13502         0.17599         0.17079         0.12772         0.00044         1.84709         0.29728         1.87942         0.29728         1.97421         0.08537         1.88099         0.08537         
49              0.08945         30.08618        3.46066         -41.45426       100.72108       -55.80616       0.00000         26.62552        14.22136        12.40416        1.67070         0.03656         -0.25596        -0.07697        -0.19316        -0.07697        -0.26467        -0.01810        -0.26406        -0.01810        0.30131         0.19653         0.12071         0.19774         0.18132         0.14026         0.00037         1.82911         0.35373         1.84013         0.35373         1.97100         0.12880         1.84063         0.12880         
50              0.12610         31.75933        -1.80342        -47.86800       117.68639       -71.62179       0.00000         33.56274        19.17921        14.38353        1.59652         0.04525         -0.25051        -0.08336        -0.19369        -0.08336        -0.26390        -0.02427        -0.26332        -0.02427        0.30252         0.22810         0.10419         0.21656         0.19283         0.15490         0.00036         1.81749         0.41826         1.78419         0.41826         1.96734         0.18385         1.78866         0.18385         
51              0.21579         31.65565        -18.73485       -63.43672       161.31269       -116.61081      0.00000         50.39050        32.31798        18.07252        1.45103         0.05862         -0.24184        -0.09388        -0.19244        -0.09388        -0.26278        -0.04042        -0.26230        -0.04042        0.28436         0.30922         0.07248         0.24623         0.21719         0.19229         0.00039         1.83325         0.55840         1.61184         0.55840         1.95914         0.33028         1.65196         0.33028         
52              0.26410         29.36256        -31.10212       -72.68435       189.29873       -147.71650      0.00000         60.46467        40.03328        20.43139        1.38075         0.06835         -0.23929        -0.09981        -0.19061        -0.09981        -0.26193        -0.04956        -0.26158        -0.04956        0.26575         0.35243         0.05980         0.25741         0.22893         0.21464         0.00040         1.85755         0.62965         1.50049         0.62965         1.95426         0.42025         1.57118         0.42025         
53              0.31446         25.60813        -45.62337       -82.55048       221.74558       -184.81847      0.00000         71.23150        48.46451        22.76699        1.31311         0.07669         -0.23783        -0.10531        -0.18808        -0.10531        -0.26123        -0.05923        -0.26100        -0.05923        0.24342         0.39373         0.04833         0.26725         0.23906         0.23976         0.00040         1.88671         0.69368         1.38637         0.69368         1.94897         0.51775         1.48775         0.51775         
54              0.36555         20.90061        -61.72344       -92.41879       258.02066       -227.32532      0.00000         82.62405        57.27835        25.34571        1.25004         0.08535         -0.23732        -0.11098        -0.18518        -0.11098        -0.26054        -0.06902        -0.26044        -0.06902        0.22100         0.43065         0.03616         0.27631         0.24613         0.26691         0.00038         1.91365         0.74621         1.28211         0.74621         1.94310         0.61758         1.40710         0.61758         
55              0.41757         16.15514        -78.22713       -101.32635      296.03574       -272.93655      0.00000         94.38227        66.07882        28.30345        1.19349         0.09426         -0.23754        -0.11711        -0.18242        -0.11711        -0.25993        -0.07852        -0.25987        -0.07852        0.20119         0.46216         0.28316         0.04074         0.00440         0.01917         0.00149         1.93488         0.78395         1.19766         0.78395         1.33293         0.71293         1.93802         0.71293         
56              0.46946         12.34410        -93.40596       -107.72787      328.48590       -314.16404      0.00000         105.75006       73.94215        31.80791        1.14999         0.10313         -0.23828        -0.12402        -0.18058        -0.12402        -0.25951        -0.08678        -0.25931        -0.08678        0.18641         0.48681         0.29384         0.02728         0.00104         0.02532         0.00183         1.94926         0.80557         1.14192         0.80557         1.27264         0.79202         1.93371         0.79202         
57              0.51817         9.52830         -105.81142      -110.80848      344.98702       -339.99000      0.00000         115.33972       79.73458        35.60514        1.12536         0.11034         -0.23924        -0.13125        -0.18028        -0.13125        -0.25930        -0.09272        -0.25902        -0.09272        0.17785         0.50276         0.30581         0.02092         0.00289         0.02488         0.00350         1.95753         0.81505         1.11669         0.81505         1.23169         0.84322         1.93208         0.84322         
58              0.56163         7.19034         -116.08188      -111.97867      348.35717       -352.46040      0.00000         123.27222       84.03879        39.23342        1.11622         0.11496         -0.24017        -0.13791        -0.18081        -0.13791        -0.25930        -0.09705        -0.25904        -0.09705        0.17256         0.51260         0.31856         0.01617         0.00494         0.02333         0.00438         1.96285         0.81988         1.10766         0.81988         1.20454         0.87488         1.93257         0.87488         
59              0.60406         5.21484         -125.56879      -112.73614      348.53087       -361.36355      0.00000         130.78363       88.27092        42.51272        1.11066         0.11775         -0.24103        -0.14363        -0.18124        -0.14363        -0.25942        -0.10129        -0.25927        -0.10129        0.16703         0.52083         0.33094         0.01266         0.00714         0.02066         0.00493         1.96783         0.82358         1.10213         0.82358         1.18125         0.90215         1.93359         0.90215         
60              0.64620         3.55542         -134.51664      -113.34281      347.59347       -368.76730      0.00000         138.07206       92.62176        45.45030        1.10631         0.11943         -0.24183        -0.14850        -0.18145        -0.14850        -0.25960        -0.10561        -0.25956        -0.10561        0.16083         0.52806         0.00175         0.34280         0.20177         0.38800         0.00003         1.97262         0.82722         1.09756         0.82722         1.93285         0.92742         1.16224         0.92742         
61              0.68748         2.16593         -142.88223      -113.78671      345.93025       -375.02576      0.00000         145.04815       97.02805        48.02010        1.10273         0.12072         -0.24256        -0.15250        -0.18144        -0.15250        -0.25994        -0.10996        -0.25970        -0.10996        0.15416         0.53449         0.00253         0.35347         0.19150         0.39671         0.00008         1.97701         0.83091         1.09340         0.83091         1.93532         0.95045         1.14262         0.95045         
62              0.72663         0.98971         -150.38553      -114.02912      343.59286       -379.94927      0.00000         151.37524       101.34047       50.03477        1.10009         0.12154         -0.24320        -0.15550        -0.18121        -0.15550        -0.26024        -0.11417        -0.25980        -0.11417        0.14727         0.53976         0.00040         0.36285         0.18230         0.40284         0.00010         1.98080         0.83493         1.08934         0.83493         1.93645         0.97024         1.12781         0.97024         
63              0.76177         -0.03146        -156.95607      -113.96786      340.64589       -383.63411      0.00000         156.92461       105.34043       51.58418        1.09816         0.12239         -0.24372        -0.15770        -0.18078        -0.15770        -0.26046        -0.11803        -0.25987        -0.11803        0.14059         0.54399         0.00166         0.37072         0.17441         0.40698         0.00010         1.98384         0.83867         1.08510         0.83867         1.93739         0.98626         1.11679         0.98626         
64              0.79275         -0.94576        -162.44264      -113.67917      337.24371       -386.00721      0.00000         161.49688       108.99776       52.49912        1.09730         0.12266         -0.24414        -0.15899        -0.18021        -0.15899        -0.26061        -0.12149        -0.25991        -0.12149        0.13425         0.54707         0.00369         0.37711         0.16757         0.40979         0.00010         1.98620         0.84239         1.08080         0.84239         1.93826         0.99850         1.10937         0.99850         
65              0.81909         -1.78604        -167.15650      -113.12556      333.67043       -387.70139      0.00000         165.37046       112.23862       53.13184        1.09667         0.12322         -0.24446        -0.15984        -0.17950        -0.15984        -0.26068        -0.12450        -0.25993        -0.12450        0.12843         0.54951         0.00531         0.38220         0.16189         0.41139         0.00010         1.98799         0.84528         1.07617         0.84528         1.93895         1.00777         1.10468         1.00777         
66              0.84310         -2.56943        -171.16717      -112.49303      330.07248       -388.74665      0.00000         168.59774       115.23386       53.36388        1.09639         0.12319         -0.24473        -0.16016        -0.17874        -0.16016        -0.26073        -0.12725        -0.25994        -0.12725        0.12301         0.55129         0.00690         0.38645         0.15677         0.41248         0.00013         1.98940         0.84804         1.07164         0.84804         1.93959         1.01497         1.10181         1.01497         
67              0.86462         -3.30465        -174.89785      -111.78084      326.68997       -389.80701      0.00000         171.59320       118.00759       53.58561        1.09562         0.12362         -0.24496        -0.16045        -0.17791        -0.16045        -0.26072        -0.12975        -0.25993        -0.12975        0.11795         0.55286         0.00806         0.39014         0.15215         0.41308         0.00011         1.99052         0.85022         1.06693         0.85022         1.94011         1.02109         1.09986         1.02109         
68              0.88517         -3.99660        -178.29554      -111.04815      323.03178       -390.27920      0.00000         174.29894       120.64243       53.65651        1.09578         0.12364         -0.24517        -0.16054        -0.17711        -0.16054        -0.26074        -0.13211        -0.25994        -0.13211        0.11328         0.55415         0.00907         0.39355         0.14769         0.41341         0.00013         1.99145         0.85229         1.06266         0.85229         1.94068         1.02614         1.09864         1.02614         
69              0.90496         -4.64801        -181.43781      -110.37511      319.82245       -390.88518      0.00000         176.78980       123.21057       53.57923        1.09537         0.12348         -0.24537        -0.16046        -0.17629        -0.16046        -0.26073        -0.13437        -0.25993        -0.13437        0.10880         0.55524         0.01020         0.39666         0.14346         0.41365         0.00012         1.99225         0.85436         1.05842         0.85436         1.94117         1.03079         1.09778         1.03079         
70              0.92450         -5.26157        -184.60626      -109.67963      316.60078       -391.52745      0.00000         179.34469       125.65943       53.68525        1.09519         0.12404         -0.24556        -0.16058        -0.17548        -0.16058        -0.26069        -0.13653        -0.25992        -0.13653        0.10465         0.55643         0.01069         0.39966         0.13943         0.41357         0.00014         1.99291         0.85592         1.05443         0.85592         1.94162         1.03515         1.09695         1.03515         
71              0.94398         -5.84180        -187.50977      -109.06397      313.33229       -391.77813      0.00000         181.66798       128.08302       53.58496        1.09498         0.12374         -0.24576        -0.16046        -0.17473        -0.16046        -0.26069        -0.13865        -0.25992        -0.13865        0.10070         0.55731         0.01141         0.40267         0.13539         0.41348         0.00014         1.99350         0.85787         1.05097         0.85787         1.94214         1.03902         1.09633         1.03902         
72              0.96303         -6.38889        -190.50227      -108.45980      310.28392       -392.32642      0.00000         184.11339       130.44119       53.67220        1.09471         0.12423         -0.24595        -0.16057        -0.17398        -0.16057        -0.26065        -0.14069        -0.25990        -0.14069        0.09697         0.55841         0.01174         0.40561         0.13151         0.41318         0.00014         1.99402         0.85935         1.04762         0.85935         1.94257         1.04296         1.09554         1.04296         
73              0.98228         -6.90713        -193.27412      -107.90716      307.17671       -392.54370      0.00000         186.36699       132.77419       53.59280        1.09469         0.12398         -0.24615        -0.16047        -0.17327        -0.16047        -0.26067        -0.14271        -0.25991        -0.14271        0.09342         0.55935         0.01218         0.40858         0.12768         0.41280         0.00015         1.99448         0.86098         1.04482         0.86098         1.94305         1.04649         1.09485         1.04649         
74              1.00057         -7.39623        -196.06735      -107.32450      304.03259       -392.77546      0.00000         188.67112       134.97903       53.69209        1.09455         0.12455         -0.24633        -0.16059        -0.17258        -0.16059        -0.26061        -0.14460        -0.25988        -0.14460        0.09011         0.56019         0.01213         0.41135         0.12413         0.41213         0.00013         1.99485         0.86242         1.04180         0.86242         1.94348         1.04966         1.09450         1.04966         
75              1.02063         -7.85793        -198.66526      -106.87818      301.30090       -393.08800      0.00000         190.80733       137.29509       53.51224        1.09433         0.12374         -0.24653        -0.16035        -0.17189        -0.16035        -0.26069        -0.14656        -0.25992        -0.14656        0.08686         0.56133         0.01296         0.41439         0.12044         0.41167         0.00017         1.99524         0.86377         1.03973         0.86377         1.94389         1.05318         1.09347         1.05318         
76              1.03858         -8.29299        -201.30558      -106.34567      298.12010       -393.08003      0.00000         193.01258       139.34695       53.66563        1.09433         0.12475         -0.24671        -0.16056        -0.17127        -0.16056        -0.26057        -0.14831        -0.25987        -0.14831        0.08391         0.56197         0.01275         0.41699         0.11719         0.41068         0.00011         1.99550         0.86531         1.03716         0.86531         1.94432         1.05563         1.09345         1.05563         
77              1.05780         -8.70469        -203.75512      -105.90672      295.37828       -393.22669      0.00000         195.05042       141.50272       53.54771        1.09411         0.12411         -0.24690        -0.16040        -0.17064        -0.16040        -0.26064        -0.15012        -0.25990        -0.15012        0.08100         0.56299         0.01277         0.41990         0.11385         0.40988         0.00017         1.99579         0.86637         1.03549         0.86637         1.94473         1.05859         1.09263         1.05859         
78              1.07575         -9.09334        -206.22463      -105.46056      292.51871       -393.28279      0.00000         197.13129       143.50914       53.62215        1.09408         0.12487         -0.24708        -0.16050        -0.17005        -0.16050        -0.26055        -0.15180        -0.25986        -0.15180        0.07829         0.56376         0.01265         0.42249         0.11074         0.40880         0.00015         1.99600         0.86767         1.03362         0.86767         1.94511         1.06089         1.09240         1.06089         
79              1.09477         -9.46004        -208.58867      -105.06048      289.68473       -393.21293      0.00000         199.12863       145.57079       53.55783        1.09393         0.12423         -0.24727        -0.16042        -0.16946        -0.16042        -0.26062        -0.15350        -0.25989        -0.15350        0.07563         0.56469         0.01271         0.42542         0.10759         0.40775         0.00017         1.99624         0.86881         1.03219         0.86881         1.94550         1.06344         1.09175         1.06344         
80              1.11241         -9.80520        -210.90504      -104.66791      287.02697       -393.26411      0.00000         201.09984       147.48090       53.61894        1.09383         0.12505         -0.24745        -0.16049        -0.16893        -0.16049        -0.26053        -0.15509        -0.25985        -0.15509        0.07319         0.56554         0.01240         0.42793         0.10472         0.40650         0.00015         1.99639         0.86984         1.03096         0.86984         1.94584         1.06543         1.09144         1.06543         
81              1.13197         -10.13121       -213.17501      -104.31964      284.23678       -393.09216      0.00000         203.04380       149.46170       53.58210        1.09367         0.12435         -0.24764        -0.16046        -0.16839        -0.16046        -0.26061        -0.15670        -0.25988        -0.15670        0.07074         0.56647         0.01228         0.43092         0.10174         0.40523         0.00018         1.99659         0.87092         1.03006         0.87092         1.94621         1.06770         1.09070         1.06770         
82              1.14925         -10.43821       -215.38785      -103.97031      281.61768       -393.03523      0.00000         204.94964       151.29146       53.65818        1.09355         0.12518         -0.24781        -0.16055        -0.16789        -0.16055        -0.26051        -0.15820        -0.25984        -0.15820        0.06849         0.56731         0.01199         0.43342         0.09905         0.40381         0.00015         1.99670         0.87191         1.02916         0.87191         1.94653         1.06936         1.09046         1.06936         
83              1.16871         -10.72858       -217.52224      -103.66202      278.95428       -392.81452      0.00000         206.79366       153.18872       53.60493        1.09335         0.12459         -0.24799        -0.16048        -0.16739        -0.16048        -0.26058        -0.15971        -0.25987        -0.15971        0.06624         0.56831         0.01177         0.43632         0.09626         0.40238         0.00020         1.99686         0.87280         1.02873         0.87280         1.94687         1.07129         1.08976         1.07129         
84              1.18594         -11.00198       -219.62250      -103.34991      276.33351       -392.60611      0.00000         208.62053       154.95594       53.66459        1.09333         0.12522         -0.24816        -0.16056        -0.16691        -0.16056        -0.26051        -0.16113        -0.25984        -0.16113        0.06414         0.56912         0.01148         0.43883         0.09371         0.40078         0.00021         1.99695         0.87379         1.02812         0.87379         1.94717         1.07267         1.08959         1.07267         
85              1.20487         -11.25966       -221.64285      -103.07294      273.74068       -392.31060      0.00000         210.38318       156.76357       53.61962        1.09320         0.12487         -0.24834        -0.16050        -0.16643        -0.16050        -0.26055        -0.16255        -0.25986        -0.16255        0.06206         0.57010         0.01122         0.44160         0.09111         0.39917         0.00025         1.99706         0.87462         1.02791         0.87462         1.94748         1.07421         1.08908         1.07421         
86              1.22244         -11.50196       -223.63619      -102.79609      271.16284       -392.00295      0.00000         212.13423       158.47958       53.65466        1.09315         0.12518         -0.24850        -0.16054        -0.16598        -0.16054        -0.26051        -0.16390        -0.25984        -0.16390        0.06009         0.57096         0.01090         0.44416         0.08867         0.39741         0.00027         1.99712         0.87549         1.02767         0.87549         1.94776         1.07542         1.08885         1.07542         
87              1.24188         -11.72893       -225.43418      -102.54269      268.67724       -391.56874      0.00000         213.70525       160.21509       53.49015        1.09312         0.12421         -0.24867        -0.16032        -0.16552        -0.16032        -0.26062        -0.16525        -0.25989        -0.16525        0.05817         0.57204         0.01049         0.44693         0.08630         0.39569         0.00032         1.99719         0.87597         1.02813         0.87597         1.94805         1.07671         1.08824         1.07671         
88              1.25783         -11.92842       -348.54377      -127.53598      323.11898       -544.12681      0.00000         336.61535       282.85418       53.76117        1.09292         0.12579         -0.22771        -0.16069        -0.18830        -0.16069        -0.26044        -0.11607        -0.25980        -0.11607        0.01936         0.27759         0.01014         0.33326         0.24149         0.41428         0.00026         1.99743         0.87715         1.84406         0.87715         1.94827         0.83984         1.08833         0.83984         
89              1.27588         -12.12146       -240.57291      -149.64871      694.47293       -785.39712      0.00000         228.45144       174.86501       53.58643        1.09304         0.12487         -0.22804        -0.16045        -0.19817        -0.16045        -0.26054        -0.15554        -0.25986        -0.15554        0.13173         0.60542         0.01888         0.24545         0.17658         0.52597         0.00006         1.97869         0.87756         1.18241         0.87756         1.94854         1.56333         1.08787         1.56333         
90              1.29446         -12.30550       -252.17334      -137.59939      493.26858       -607.84254      0.00000         239.86784       186.14986       53.71799        1.09278         0.12552         -0.24885        -0.16063        -0.20111        -0.16063        -0.26047        -0.13517        -0.25982        -0.13517        0.04570         0.35782         0.00345         0.32615         0.08389         0.42474         0.00125         1.99823         0.87856         1.34765         0.87856         1.94876         0.81797         1.08763         0.81797         
91              1.31321         -12.48007       -253.27286      -136.26187      485.94990       -602.96090      0.00000         240.79279       187.12831       53.66448        1.09282         0.12521         -0.24898        -0.16055        -0.20211        -0.16055        -0.26051        -0.13515        -0.25984        -0.13515        0.04350         0.35270         0.00311         0.32381         0.08164         0.42350         0.00123         1.99822         0.87911         1.35037         0.87911         1.94900         0.81239         1.08723         0.81239         
92              1.33139         -12.64423       -239.60644      -147.52559      692.31615       -784.39699      0.00000         226.96222       173.28316       53.67906        1.09273         0.12545         -0.22712        -0.16058        -0.19809        -0.16058        -0.26047        -0.15876        -0.25982        -0.15876        0.12517         0.60855         0.01800         0.23731         0.16654         0.53456         0.00005         1.98018         0.88000         1.18170         0.88000         1.94920         1.59616         1.08721         1.59616         
93              1.34948         -12.78833       -235.84654      -101.42971      254.37204       -388.78888      0.00000         223.05821       169.36681       53.69139        1.09269         0.12545         -0.24782        -0.16058        -0.17216        -0.16058        -0.26049        -0.16321        -0.25983        -0.16321        0.00186         0.00104         0.00003         0.00091         0.07356         0.00722         0.00877         1.85611         0.88048         1.08097         0.88048         1.94942         1.03070         1.08682         1.03070         
94              1.36786         -12.92839       -239.01753      -146.25958      691.02369       -783.78162      0.00000         226.08914       172.39153       53.69761        1.09259         0.12545         -0.22659        -0.16060        -0.19812        -0.16060        -0.26048        -0.16066        -0.25982        -0.16066        0.12116         0.61051         0.01721         0.23171         0.16008         0.54000         0.00008         1.98109         0.88121         1.18167         0.88121         1.94960         1.61713         1.08660         1.61713         
95              1.38684         -13.06098       -257.96875      -131.88164      461.29845       -587.38556      0.00000         244.90777       191.16531       53.74247        1.09247         0.12553         -0.24943        -0.16066        -0.20588        -0.16066        -0.26048        -0.13495        -0.25983        -0.13495        0.03525         0.33543         0.00223         0.31548         0.07310         0.41856         0.00117         1.99809         0.88182         1.35826         0.88182         1.94980         0.79550         1.08618         0.79550         
96              1.40575         -13.18694       -259.14099      -130.91740      455.68888       -583.91248      0.00000         245.95404       192.22128       53.73277        1.09250         0.12556         -0.24955        -0.16065        -0.20680        -0.16065        -0.26047        -0.13487        -0.25982        -0.13487        0.03321         0.33155         0.00194         0.31346         0.07099         0.41728         0.00116         1.99804         0.88252         1.35962         0.88252         1.94998         0.79215         1.08611         0.79215         
97              1.42497         -13.30532       -238.19218      -144.40196      689.13510       -782.92531      0.00000         224.88686       171.13067       53.75619        1.09238         0.12562         -0.22582        -0.16068        -0.19825        -0.16068        -0.26047        -0.16342        -0.25982        -0.16342        0.11503         0.61336         0.01623         0.22237         0.15032         0.54811         0.00006         1.98249         0.88312         1.18134         0.88312         1.95015         1.64958         1.08581         1.64958         
98              1.44469         -13.41585       -237.91801      -143.81115      688.47706       -782.58392      0.00000         224.50216       170.73858       53.76358        1.09234         0.12565         -0.22558        -0.16069        -0.19831        -0.16069        -0.26047        -0.16429        -0.25982        -0.16429        0.11299         0.61423         0.01588         0.21910         0.14701         0.55074         0.00006         1.98295         0.88378         1.18116         0.88378         1.95032         1.66033         1.08561         1.66033         
99              1.46383         -13.51902       -502.71957      -54.94672       163.17429       -610.94717      0.00000         489.20054       435.42576       53.77478        1.09230         0.12571         -0.21644        -0.16070        -0.19418        -0.16070        -0.26046        -0.17268        -0.25982        -0.17268        0.40780         0.04069         0.01773         0.24486         0.00189         0.02230         0.00409         1.55084         0.88437         1.98029         0.88437         1.95048         1.45859         1.08541         1.45859         
100             1.48485         -13.61491       -236.62256      -148.18839      684.55864       -772.99281      0.00000         223.00764       169.21368       53.79396        1.09216         0.12573         -0.22930        -0.16073        -0.18845        -0.16073        -0.26046        -0.17086        -0.25981        -0.17086        0.07311         0.59477         0.01334         0.26865         0.10427         0.53777         0.00030         1.99401         0.88502         1.20576         0.88502         1.95063         1.53089         1.08517         1.53089         
101             1.50200         -13.70351       -236.30292      -147.66046      684.01497       -772.65742      0.00000         222.59941       168.81977       53.77963        1.09227         0.12577         -0.22916        -0.16071        -0.18833        -0.16071        -0.26045        -0.17178        -0.25981        -0.17178        0.07109         0.59572         0.01288         0.26611         0.10168         0.53983         0.00028         1.99426         0.88555         1.20542         0.88555         1.95077         1.54129         1.08512         1.54129         
102             1.52491         -13.78484       -266.64646      -126.82738      429.21516       -569.03427      0.00000         252.86162       199.04520       53.81643        1.09198         0.12583         -0.25029        -0.16076        -0.21228        -0.16076        -0.26046        -0.13385        -0.25981        -0.13385        0.01968         0.31303         0.00076         0.30394         0.05941         0.40938         0.00125         1.99732         0.88619         1.36629         0.88619         1.95091         0.77802         1.08479         0.77802         
103             1.54233         -13.85992       -236.70959      -141.14248      685.77665       -781.34375      0.00000         222.84967       169.03418       53.81550        1.09217         0.12579         -0.22451        -0.16076        -0.19874        -0.16076        -0.26046        -0.16816        -0.25981        -0.16816        0.10320         0.61826         0.01434         0.20189         0.13123         0.56307         0.00004         1.98517         0.88672         1.18019         0.88672         1.95104         1.71231         1.08464         1.71231         
104             1.56353         -13.92982       -236.51169      -140.66447      685.35552       -781.20273      0.00000         222.58187       168.74111       53.84076        1.09195         0.12593         -0.22433        -0.16079        -0.19884        -0.16079        -0.26045        -0.16884        -0.25981        -0.16884        0.10132         0.61898         0.01410         0.19834         0.12822         0.56534         0.00007         1.98559         0.88729         1.17993         0.88729         1.95115         1.72219         1.08449         1.72219         
105             1.58297         -13.99500       -351.06524      -169.24198      585.00803       -766.83130      0.00000         337.07024       283.22626       53.84398        1.09200         0.12587         -0.26000        -0.16079        -0.17055        -0.16079        -0.26045        -0.14885        -0.25981        -0.14885        0.03307         0.00305         0.00019         0.00441         0.02532         0.18290         0.00005         1.98630         0.88781         0.89249         0.88781         1.95127         0.55806         1.08427         0.55806         
106             1.60313         -14.05590       -236.10973      -139.73944      684.37510       -780.74538      0.00000         222.05383       168.19506       53.85876        1.09193         0.12596         -0.22397        -0.16081        -0.19908        -0.16081        -0.26045        -0.17012        -0.25981        -0.17012        0.09761         0.62037         0.01361         0.19114         0.12221         0.56975         0.00004         1.98643         0.88837         1.17940         0.88837         1.95138         1.74159         1.08417         1.74159         
107             1.62320         -14.11195       -235.19883      -144.59041      681.67891       -772.28733      0.00000         221.08689       167.22009       53.86680        1.09186         0.12597         -0.22814        -0.16083        -0.18892        -0.16083        -0.26045        -0.17631        -0.25981        -0.17631        0.06246         0.60234         0.01167         0.24301         0.08793         0.55506         0.00010         1.99533         0.88884         1.20368         0.88884         1.95148         1.61405         1.08398         1.61405         
108             1.64408         -14.16379       -324.42792      -139.76071      338.32786       -522.99510      0.00000         310.26414       256.38102       53.88312        1.09187         0.12598         -0.25014        -0.16084        -0.20696        -0.16084        -0.26045        -0.13051        -0.25981        -0.13051        0.21908         0.27782         0.00048         0.30459         0.04674         0.14605         0.00623         1.57466         0.88942         1.52536         0.88942         1.95158         0.82846         1.08382         0.82846         
109             1.66393         -14.21297       -546.44815      -94.30095       500.42406       -952.57125      0.00000         532.23517       478.33258       53.90259        1.09175         0.12605         -0.30271        -0.16087        -0.29521        -0.16087        -0.26044        -0.26903        -0.25980        -0.26903        0.62812         0.00071         0.00006         0.00038         0.17105         0.12297         0.00005         1.21199         0.88989         1.64554         0.88989         1.95166         1.92107         1.08364         1.92107         
110             1.68505         -14.25717       -623.15338      -128.41874      666.00753       -1160.74215     0.00000         608.89622       554.99022       53.90599        1.09179         0.12603         -0.30630        -0.16088        -0.26049        -0.16088        -0.26045        -0.24620        -0.25981        -0.24620        0.00012         0.00030         0.00001         0.00021         0.04886         0.00004         0.00524         1.48061         0.89037         1.47449         0.89037         1.95176         1.14677         1.08348         1.14677         
111             1.70466         -14.29719       -523.00049      -171.80420      660.59727       -1011.79357     0.00000         508.70330       454.79935       53.90395        1.09168         0.12608         -0.20146        -0.16087        -0.12308        -0.16087        -0.26044        -0.10065        -0.25980        -0.10065        0.00037         0.00186         0.00013         0.00297         0.01162         0.00005         0.01352         1.97532         0.89087         0.90003         0.89087         1.95182         0.44542         1.08343         0.44542         
112             1.72557         -14.33419       -234.45763      -142.54723      679.99738       -771.90777      0.00000         220.12345       166.18411       53.93933        1.09167         0.12609         -0.22761        -0.16092        -0.18938        -0.16092        -0.26045        -0.17946        -0.25980        -0.17946        0.05477         0.60653         0.01071         0.22354         0.07721         0.56607         0.00013         1.99625         0.89131         1.20188         0.89131         1.95191         1.66930         1.08314         1.66930         
113             1.74588         -14.36827       -361.24884      -120.20227      303.55628       -544.60289      0.00000         346.88057       292.94681       53.93377        1.09164         0.12611         -0.23986        -0.16091        -0.19296        -0.16091        -0.26044        -0.11023        -0.25980        -0.11023        0.00302         0.13507         0.00203         0.34207         0.42593         0.22528         0.00028         1.99697         0.89180         1.96353         0.89180         1.95197         0.83025         1.08309         0.83025         
114             1.76601         -14.39971       -234.82629      -136.64623      681.49203       -779.67208      0.00000         220.42658       166.48269       53.94390        1.09155         0.12614         -0.22280        -0.16093        -0.20023        -0.16093        -0.26044        -0.17435        -0.25980        -0.17435        0.08379         0.62493         0.01162         0.16205         0.10032         0.58490         0.00004         1.98949         0.89218         1.17703         0.89218         1.95203         1.81139         1.08294         1.81139         
